1 0.79453125 0.328125 0.1671875 0.21484375
1 0.84921875 0.62578125 0.1671875 0.21484375
1 0.92421875 0.45234375 0.1515625 0.21640625
1 0.94375 0.78203125 0.1125 0.21875
1 0.57578125 0.87109375 0.1828125 0.22109375
1 0.559375 0.21171875 0.1875 0.23125
1 0.39375 0.171875 0.153125 0.24375
1 0.69140625 0.1125 0.1515625 0.22109375
1 0.0609375 0.42890625 0.11875 0.22109375
1 0.053125 0.89453125 0.103125 0.21015625
1 0.071875 0.07890625 0.140625 0.15390625
1 0.23828125 0.09765625 0.1796875 0.19140625
1 0.14765625 0.75703125 0.1796875 0.19375
2 0.4578125 0.55078125 0.328125 0.43125
0 0.47109375 0.88515625 0.0453125 0.07890625