1 0.11875 0.78359375 0.178125 0.26640625
1 0.5703125 0.8796875 0.178125 0.240625
1 0.87421875 0.628125 0.1859375 0.23984375
1 0.8390625 0.425 0.196875 0.22109375
1 0.94140625 0.18515625 0.1171875 0.2625
1 0.81015625 0.18984375 0.1453125 0.24140625
1 0.6390625 0.11171875 0.196875 0.21875
1 0.64765625 0.31328125 0.1828125 0.19375
1 0.43046875 0.27421875 0.1828125 0.19375
1 0.665625 0.53046875 0.15 0.20625
1 0.8078125 0.9109375 0.15625 0.178125
1 0.37578125 0.925 0.1578125 0.15
1 0.31953125 0.75859375 0.1734375 0.19609375
1 0.1015625 0.34296875 0.2 0.23125
2 0.48828125 0.57109375 0.3296875 0.475