1 0.4046875 0.69765625 0.159375 0.1875
1 0.575 0.740625 0.171875 0.18984375
1 0.81875 0.81328125 0.171875 0.21875
1 0.9140625 0.46171875 0.171875 0.21875
1 0.415625 0.45546875 0.171875 0.21875
1 0.409375 0.24296875 0.171875 0.21875
1 0.5515625 0.19609375 0.190625 0.25
1 0.6546875 0.39453125 0.1625 0.21015625
1 0.753125 0.34296875 0.178125 0.24375
1 0.740625 0.575 0.178125 0.17890625
1 0.80390625 0.10625 0.1859375 0.20859375
1 0.2875 0.28828125 0.140625 0.21875
1 0.0796875 0.32265625 0.15625 0.21640625
1 0.09375 0.51875 0.15625 0.20390625
1 0.715625 0.63671875 0.13125 0.23515625
2 0.1921875 0.803125 0.353125 0.39375