1 0.80390625 0.51484375 0.1765625 0.20390625
1 0.72109375 0.60234375 0.1765625 0.20390625
1 0.65859375 0.18515625 0.1765625 0.20390625
1 0.8921875 0.27421875 0.184375 0.23515625
1 0.8109375 0.25625 0.159375 0.21640625
1 0.36171875 0.45390625 0.1765625 0.20390625
1 0.52265625 0.84765625 0.1765625 0.20390625
1 0.91171875 0.73984375 0.1765625 0.20390625
1 0.44609375 0.16640625 0.1765625 0.20390625
1 0.12421875 0.19375 0.1765625 0.20390625
1 0.12109375 0.74765625 0.1765625 0.20390625
1 0.27734375 0.68515625 0.1765625 0.20390625
1 0.15859375 0.89765625 0.1296875 0.20390625
1 0.190625 0.40390625 0.225 0.25
1 0.6984375 0.921875 0.15 0.15625
2 0.3125 0.89375 0.18125 0.2125
0 0.58984375 0.20859375 0.0546875 0.0625