1 0.440625 0.396875 0.175 0.20625
1 0.3921875 0.20390625 0.2125 0.24140625
1 0.5984375 0.40625 0.175 0.21640625
1 0.871875 0.7125 0.165625 0.2125
1 0.915625 0.903125 0.1625 0.19375
1 0.33828125 0.91875 0.1609375 0.1625
1 0.5171875 0.71171875 0.18125 0.20234375
1 0.075 0.09765625 0.146875 0.19140625
1 0.72421875 0.62109375 0.1671875 0.25859375
1 0.63046875 0.11640625 0.1703125 0.22890625
1 0.9390625 0.26953125 0.121875 0.24375
1 0.89765625 0.48515625 0.1546875 0.24609375
1 0.2609375 0.47265625 0.184375 0.24140625
0 0.4015625 0.04921875 0.075 0.09375
2 0.6796875 0.86953125 0.33125 0.26015625