1 0.0953125 0.75859375 0.153125 0.19609375
1 0.05546875 0.53515625 0.1078125 0.275
1 0.57421875 0.37421875 0.1953125 0.23515625
1 0.6921875 0.62890625 0.159375 0.225
1 0.346875 0.73046875 0.15625 0.24375
1 0.90625 0.49765625 0.1875 0.22890625
1 0.57265625 0.090625 0.1640625 0.17734375
1 0.22109375 0.27734375 0.2078125 0.20390625
1 0.178125 0.44609375 0.196875 0.27109375
1 0.5296875 0.753125 0.196875 0.21015625
1 0.3625 0.08125 0.19375 0.15859375
0 0.35078125 0.91796875 0.0609375 0.09375
0 0.453125 0.171875 0.059375 0.08515625
2 0.74765625 0.17265625 0.2453125 0.31640625