1 0.6390625 0.33046875 0.15625 0.23984375
1 0.70546875 0.8625 0.1796875 0.20390625
1 0.7578125 0.47890625 0.1875 0.24140625
1 0.8078125 0.68984375 0.18125 0.17109375
1 0.16484375 0.90625 0.1515625 0.1875
1 0.0765625 0.58671875 0.15 0.20234375
1 0.0765625 0.365625 0.15 0.20234375
1 0.5203125 0.16015625 0.19375 0.23359375
1 0.37265625 0.34375 0.1671875 0.22890625
1 0.21796875 0.29765625 0.1671875 0.22890625
1 0.25859375 0.18359375 0.1671875 0.22890625
1 0.940625 0.46640625 0.11875 0.20859375
1 0.22890625 0.54140625 0.1484375 0.2
2 0.453125 0.59296875 0.346875 0.46015625