1 0.45390625 0.64765625 0.1609375 0.19140625
1 0.34296875 0.096875 0.1609375 0.18984375
1 0.6671875 0.32578125 0.1625 0.22734375
1 0.87421875 0.36484375 0.1921875 0.25390625
1 0.3953125 0.296875 0.175 0.21015625
1 0.08984375 0.26171875 0.1703125 0.20625
1 0.63515625 0.55625 0.1578125 0.2375
1 0.2109375 0.46875 0.178125 0.25859375
1 0.82109375 0.78359375 0.1796875 0.24609375
1 0.24609375 0.90390625 0.1609375 0.19140625
0 0.2703125 0.721875 0.084375 0.08984375
0 0.37265625 0.559375 0.0671875 0.08984375
0 0.56640625 0.67265625 0.0703125 0.09609375
2 0.59296875 0.8671875 0.2484375 0.265625