1 0.309375 0.73203125 0.140625 0.17734375
1 0.27734375 0.9171875 0.1453125 0.165625
1 0.67265625 0.48046875 0.1671875 0.22734375
1 0.82890625 0.6625 0.1390625 0.18359375
1 0.7421875 0.078125 0.128125 0.15234375
1 0.83828125 0.21796875 0.1734375 0.20625
1 0.2140625 0.3375 0.146875 0.18359375
1 0.50625 0.38203125 0.15625 0.19375
1 0.8828125 0.053125 0.15625 0.10234375
1 0.93828125 0.378125 0.1234375 0.20625
1 0.96015625 0.72109375 0.0796875 0.175
1 0.91015625 0.9078125 0.1734375 0.184375
1 0.52265625 0.1375 0.1984375 0.2
2 0.47109375 0.8453125 0.2109375 0.309375
0 0.4734375 0.66171875 0.065625 0.08984375