1 0.16796875 0.67421875 0.1671875 0.25625
1 0.51796875 0.23046875 0.1671875 0.25625
1 0.3375 0.434375 0.209375 0.20625
1 0.78828125 0.55234375 0.1515625 0.20859375
1 0.86953125 0.41484375 0.1515625 0.20859375
1 0.7640625 0.17109375 0.159375 0.27109375
1 0.0890625 0.278125 0.175 0.26015625
1 0.18125 0.09921875 0.1625 0.19375
1 0.92421875 0.23984375 0.1515625 0.20859375
1 0.92421875 0.64765625 0.1515625 0.22109375
2 0.49375 0.74375 0.35625 0.50390625
0 0.29140625 0.77734375 0.0609375 0.075
0 0.13828125 0.41796875 0.0828125 0.09765625