1 0.88203125 0.45390625 0.1453125 0.20859375
1 0.76328125 0.296875 0.1953125 0.23125
1 0.86953125 0.73828125 0.1703125 0.23515625
1 0.48515625 0.62734375 0.1890625 0.23359375
1 0.178125 0.33203125 0.175 0.23125
1 0.6890625 0.65234375 0.196875 0.22890625
1 0.428125 0.35703125 0.14375 0.18984375
1 0.3359375 0.259375 0.14375 0.18984375
1 0.07421875 0.0875 0.1421875 0.17109375
1 0.10703125 0.56484375 0.1640625 0.175
1 0.0953125 0.65625 0.16875 0.21640625
1 0.62890625 0.43046875 0.1671875 0.33125
1 0.78203125 0.08125 0.1953125 0.15859375
1 0.41953125 0.23046875 0.1296875 0.16484375
0 0.67890625 0.86328125 0.0671875 0.07734375
0 0.55546875 0.47734375 0.0671875 0.07890625
0 0.30703125 0.40234375 0.0515625 0.1
0 0.15625 0.06875 0.06875 0.075
2 0.3 0.8046875 0.35625 0.390625