1 0.10078125 0.50859375 0.1390625 0.21640625
1 0.57578125 0.675 0.1703125 0.19609375
1 0.83359375 0.50546875 0.1765625 0.19375
1 0.85078125 0.740625 0.1765625 0.21875
1 0.67734375 0.28046875 0.1765625 0.21875
1 0.24921875 0.2125 0.1484375 0.19140625
1 0.33046875 0.90390625 0.1484375 0.19140625
1 0.69453125 0.85859375 0.1484375 0.19140625
1 0.43828125 0.12734375 0.1484375 0.19140625
1 0.58359375 0.61640625 0.1703125 0.19609375
1 0.13359375 0.53359375 0.1390625 0.21640625
2 0.3828125 0.51484375 0.396875 0.44140625
0 0.22421875 0.79453125 0.0703125 0.09375