1 0.23046875 0.51796875 0.1546875 0.18984375
1 0.34609375 0.478125 0.1546875 0.18984375
1 0.83515625 0.71953125 0.1546875 0.20625
1 0.91171875 0.390625 0.1546875 0.20625
1 0.7890625 0.89453125 0.18125 0.20234375
1 0.584375 0.30546875 0.18125 0.20234375
1 0.94296875 0.83359375 0.1140625 0.2625
2 0.31328125 0.7859375 0.3828125 0.428125
0 0.54140625 0.41953125 0.0640625 0.06484375
0 0.55703125 0.48515625 0.0546875 0.08359375
0 0.60625 0.478125 0.05625 0.07265625
0 0.4515625 0.64765625 0.0625 0.07109375