1 0.78984375 0.13203125 0.1703125 0.18515625
1 0.7203125 0.34296875 0.165625 0.19375
1 0.78515625 0.93203125 0.2203125 0.13515625
1 0.5015625 0.79765625 0.1625 0.25
1 0.53671875 0.38515625 0.1734375 0.19609375
1 0.9140625 0.55234375 0.1625 0.25
1 0.84140625 0.6625 0.1921875 0.20390625
1 0.2765625 0.46953125 0.13125 0.16484375
1 0.09296875 0.53984375 0.1703125 0.17109375
1 0.15859375 0.82578125 0.1859375 0.23515625
2 0.31796875 0.23671875 0.1828125 0.21875
1 0.93515625 0.353125 0.1296875 0.18515625
1 0.51484375 0.925 0.1484375 0.15
1 0.3515625 0.809375 0.140625 0.18984375