1 0.71015625 0.12265625 0.1796875 0.24140625
1 0.30234375 0.68359375 0.1796875 0.24140625
1 0.46796875 0.68359375 0.1796875 0.24140625
1 0.628125 0.81953125 0.209375 0.24375
1 0.8 0.721875 0.146875 0.23515625
1 0.146875 0.26328125 0.175 0.20234375
1 0.5296875 0.071875 0.14375 0.13984375
1 0.71015625 0.37109375 0.1796875 0.24140625
1 0.0578125 0.45390625 0.1125 0.2375
0 0.1203125 0.91953125 0.10625 0.12734375
0 0.34296875 0.89296875 0.0609375 0.08515625
0 0.159375 0.41875 0.071875 0.1125
0 0.97578125 0.30234375 0.0484375 0.1
2 0.375 0.26796875 0.3125 0.42265625