1 0.26640625 0.80390625 0.1734375 0.17109375
1 0.08828125 0.74765625 0.1734375 0.17109375
1 0.47578125 0.88828125 0.1234375 0.20625
1 0.10859375 0.29453125 0.1890625 0.21875
1 0.22578125 0.45546875 0.1890625 0.21875
1 0.87421875 0.46796875 0.1890625 0.21875
1 0.76796875 0.440625 0.1890625 0.21875
1 0.52421875 0.50703125 0.1515625 0.16875
1 0.1453125 0.09921875 0.190625 0.19375
1 0.89375 0.25 0.128125 0.21640625
1 0.91796875 0.81953125 0.1609375 0.25625
1 0.684375 0.925 0.15625 0.15
0 0.36953125 0.19609375 0.0609375 0.0875
0 0.84453125 0.12578125 0.0671875 0.10234375
2 0.55390625 0.18125 0.3234375 0.35859375