1 0.56484375 0.24609375 0.1921875 0.2125
1 0.82421875 0.28359375 0.1921875 0.2125
1 0.81171875 0.40859375 0.1921875 0.2125
1 0.7421875 0.63046875 0.190625 0.17734375
1 0.36875 0.51171875 0.15 0.21875
1 0.2125 0.60078125 0.15 0.21875
1 0.11875 0.209375 0.15 0.21875
1 0.43671875 0.91328125 0.1609375 0.17265625
1 0.39375 0.30703125 0.159375 0.18984375
1 0.52578125 0.68671875 0.1671875 0.21015625
1 0.93671875 0.80625 0.1265625 0.2375
1 0.0890625 0.85625 0.171875 0.21640625
2 0.70390625 0.84765625 0.3359375 0.3