1 0.8359375 0.35546875 0.190625 0.25234375
1 0.7546875 0.66796875 0.16875 0.25625
1 0.26171875 0.40234375 0.1453125 0.21640625
1 0.53359375 0.16015625 0.1453125 0.21640625
1 0.81484375 0.10703125 0.1578125 0.21015625
1 0.0796875 0.7 0.15625 0.2125
1 0.33359375 0.59765625 0.1578125 0.2125
1 0.24609375 0.75390625 0.1765625 0.20390625
1 0.42109375 0.77109375 0.1765625 0.20390625
1 0.92421875 0.7 0.1515625 0.20859375
1 0.69765625 0.22734375 0.1515625 0.20859375
1 0.2375 0.88359375 0.14375 0.15390625
1 0.10234375 0.14609375 0.1984375 0.20859375
1 0.3875 0.34296875 0.109375 0.27734375
1 0.621875 0.85078125 0.159375 0.21484375
1 0.1046875 0.46953125 0.159375 0.21484375
1 0.92109375 0.91875 0.1578125 0.1625
0 0.72578125 0.94296875 0.0859375 0.11015625
0 0.49921875 0.85703125 0.0546875 0.04765625
2 0.55625 0.51328125 0.378125 0.45234375