1 0.503125 0.90078125 0.215625 0.19765625
1 0.73359375 0.35 0.1859375 0.19609375
1 0.93203125 0.44375 0.1359375 0.19609375
1 0.5328125 0.49375 0.14375 0.2
1 0.33203125 0.9015625 0.1359375 0.196875
1 0.4125 0.68828125 0.13125 0.17734375
1 0.13046875 0.09609375 0.1859375 0.1875
1 0.24765625 0.58359375 0.1484375 0.17890625
1 0.92578125 0.63359375 0.1484375 0.17890625
1 0.9390625 0.82109375 0.121875 0.17890625
1 0.63203125 0.496875 0.1234375 0.15625
2 0.440625 0.23515625 0.221875 0.26640625
0 0.434375 0.434375 0.046875 0.06015625
0 0.825 0.48828125 0.046875 0.06015625