1 0.09609375 0.42109375 0.1421875 0.20859375
1 0.10703125 0.65 0.1578125 0.2125
1 0.13828125 0.88359375 0.1515625 0.22890625
1 0.41171875 0.25078125 0.1890625 0.21015625
1 0.23046875 0.340625 0.1890625 0.21015625
1 0.26953125 0.10625 0.1890625 0.20859375
1 0.62578125 0.209375 0.1890625 0.21015625
1 0.76171875 0.55234375 0.1890625 0.2125
1 0.75703125 0.76015625 0.1890625 0.2125
1 0.9140625 0.896875 0.171875 0.20625
1 0.8109375 0.33984375 0.2 0.25859375
0 0.21015625 0.54609375 0.0609375 0.07109375
2 0.45390625 0.75234375 0.3421875 0.44609375