2 0.29609375 0.25 0.2859375 0.35859375
1 0.51875 0.36015625 0.171875 0.25
1 0.6921875 0.29609375 0.171875 0.25
1 0.5640625 0.63125 0.171875 0.25
1 0.37265625 0.67578125 0.1640625 0.23515625
1 0.56171875 0.87890625 0.1984375 0.24140625
1 0.89765625 0.42734375 0.1984375 0.24140625
1 0.184375 0.93125 0.175 0.1375
1 0.1390625 0.08046875 0.1625 0.15625
1 0.1140625 0.415625 0.1375 0.19765625
1 0.85 0.078125 0.15625 0.15234375
1 0.946875 0.634375 0.10625 0.16875
1 0.909375 0.840625 0.18125 0.20625
1 0.096875 0.57734375 0.146875 0.2375
0 0.23671875 0.65859375 0.0609375 0.1
1 0.63359375 0.115625 0.1953125 0.22734375
1 0.4015625 0.59609375 0.15 0.17109375
1 0.3515625 0.54140625 0.15 0.17109375