0 0.82578125 0.44140625 0.0703125 0.08359375
2 0.43359375 0.47265625 0.2421875 0.31640625
1 0.346875 0.69609375 0.228125 0.22109375
1 0.22109375 0.409375 0.1609375 0.21875
1 0.08046875 0.23203125 0.1578125 0.21875
1 0.08046875 0.134375 0.1578125 0.21875
1 0.1765625 0.06328125 0.153125 0.12265625
1 0.4109375 0.21953125 0.16875 0.13984375
1 0.70859375 0.65546875 0.1546875 0.23125
1 0.37578125 0.884375 0.1546875 0.23125
1 0.13671875 0.628125 0.1546875 0.23125
1 0.709375 0.13984375 0.18125 0.2125
1 0.9421875 0.30859375 0.115625 0.21640625
1 0.909375 0.74375 0.18125 0.2125
1 0.928125 0.91640625 0.14375 0.16640625
1 0.67109375 0.84296875 0.1546875 0.23125
1 0.7984375 0.93125 0.1375 0.1375