2 0.40390625 0.73984375 0.2359375 0.29140625
1 0.3328125 0.45234375 0.165625 0.25859375
1 0.0828125 0.18984375 0.1625 0.25859375
1 0.22265625 0.33125 0.1671875 0.23359375
1 0.146875 0.46640625 0.165625 0.23359375
1 0.21171875 0.60390625 0.1671875 0.23359375
1 0.1328125 0.65859375 0.165625 0.23359375
1 0.08046875 0.821875 0.1578125 0.20625
1 0.53671875 0.9171875 0.1609375 0.165625
1 0.678125 0.76875 0.165625 0.20859375
1 0.7734375 0.76171875 0.121875 0.22265625
1 0.8375 0.71171875 0.18125 0.26875
1 0.94296875 0.62109375 0.1140625 0.22890625
1 0.93671875 0.9046875 0.1265625 0.190625
1 0.86796875 0.29375 0.1609375 0.18359375
1 0.70859375 0.30234375 0.2484375 0.25859375
1 0.55703125 0.09296875 0.1609375 0.18125
1 0.46015625 0.39609375 0.1609375 0.18359375
1 0.57421875 0.58359375 0.1609375 0.18359375
0 0.25625 0.74921875 0.05625 0.09375
0 0.196875 0.78046875 0.05625 0.09375
0 0.2953125 0.90703125 0.05625 0.09375
1 0.221875 0.08125 0.184375 0.15859375