1 0.2 0.771875 0.1625 0.21484375
1 0.29921875 0.65390625 0.1703125 0.22890625
1 0.46171875 0.73203125 0.1828125 0.22734375
1 0.46015625 0.8984375 0.1828125 0.203125
1 0.65703125 0.82578125 0.1859375 0.23125
1 0.80390625 0.48671875 0.1859375 0.23125
1 0.61484375 0.58671875 0.1984375 0.24765625
1 0.12578125 0.48671875 0.1734375 0.21484375
1 0.1546875 0.271875 0.175 0.20625
1 0.1953125 0.08671875 0.16875 0.16875
1 0.7203125 0.29453125 0.14375 0.18984375
1 0.8171875 0.27578125 0.14375 0.18984375
1 0.928125 0.09609375 0.14375 0.1875
1 0.78046875 0.09140625 0.1453125 0.17890625
1 0.91640625 0.79921875 0.1671875 0.23515625
1 0.77109375 0.725 0.1984375 0.25
2 0.42421875 0.215625 0.4015625 0.38515625