2 0.69765625 0.5625 0.3015625 0.37109375
2 0.6 0.865625 0.23125 0.26875
0 0.8484375 0.740625 0.059375 0.08984375
0 0.1109375 0.221875 0.059375 0.08984375
1 0.3015625 0.41640625 0.20625 0.29140625
1 0.2359375 0.74296875 0.16875 0.24375
1 0.084375 0.821875 0.165625 0.24375
1 0.184375 0.9234375 0.175 0.153125
1 0.875 0.103125 0.13125 0.20234375
1 0.821875 0.15078125 0.13125 0.23125
1 0.77265625 0.18671875 0.1328125 0.23125
1 0.70546875 0.228125 0.1328125 0.23125
1 0.62578125 0.290625 0.1328125 0.23125
1 0.93359375 0.703125 0.1328125 0.23125
1 0.94609375 0.85 0.1078125 0.23359375
1 0.21640625 0.15703125 0.1140625 0.21875
1 0.28828125 0.15390625 0.1296875 0.21640625
1 0.5078125 0.14296875 0.146875 0.21875
1 0.41171875 0.7125 0.1765625 0.24609375