1 0.590625 0.321875 0.146875 0.18515625
1 0.41953125 0.78203125 0.1765625 0.23984375
1 0.3125 0.240625 0.19375 0.25625
1 0.21953125 0.10703125 0.1234375 0.14765625
1 0.5125 0.14140625 0.1625 0.225
1 0.7640625 0.296875 0.140625 0.19375
1 0.91484375 0.75390625 0.1703125 0.22109375
1 0.93671875 0.54453125 0.1265625 0.20625
1 0.79609375 0.57421875 0.1453125 0.19765625
1 0.9203125 0.321875 0.15625 0.19765625
1 0.8046875 0.9390625 0.15625 0.121875
1 0.775 0.7625 0.159375 0.20390625
1 0.078125 0.44921875 0.153125 0.23984375
1 0.5328125 0.42890625 0.159375 0.21640625
2 0.20234375 0.60625 0.3515625 0.44609375
0 0.41484375 0.290625 0.0640625 0.07734375