2 0.54609375 0.46796875 0.3359375 0.44765625
1 0.30390625 0.753125 0.1703125 0.22265625
1 0.23515625 0.865625 0.1703125 0.22265625
1 0.0703125 0.784375 0.1375 0.22265625
1 0.22734375 0.55078125 0.2078125 0.21875
1 0.26796875 0.334375 0.2078125 0.21875
1 0.82734375 0.32578125 0.2078125 0.21875
1 0.9109375 0.29609375 0.178125 0.19609375
1 0.91328125 0.54375 0.1734375 0.2375
1 0.81171875 0.76875 0.1734375 0.2375
1 0.61640625 0.77265625 0.1953125 0.2375
1 0.49609375 0.78984375 0.1953125 0.2375
1 0.50859375 0.9078125 0.1921875 0.184375
1 0.10546875 0.32578125 0.1734375 0.21015625
1 0.91953125 0.08984375 0.1578125 0.175
0 0.70390625 0.06328125 0.0703125 0.08125
0 0.79921875 0.13671875 0.0703125 0.08125
0 0.11015625 0.46953125 0.0703125 0.08125