1 0.60078125 0.11953125 0.1703125 0.17734375
1 0.44765625 0.15703125 0.1578125 0.23125
1 0.565625 0.58125 0.134375 0.2
1 0.84453125 0.425 0.1671875 0.25390625
1 0.5046875 0.9234375 0.134375 0.153125
1 0.396875 0.9234375 0.134375 0.153125
1 0.93359375 0.74921875 0.1328125 0.23125
1 0.7515625 0.69921875 0.184375 0.21875
1 0.20546875 0.08984375 0.1703125 0.175
1 0.1265625 0.121875 0.140625 0.19375
2 0.334375 0.40859375 0.190625 0.25859375
0 0.96484375 0.26171875 0.0515625 0.08515625
0 0.9828125 0.36328125 0.034375 0.08515625
0 0.86171875 0.83671875 0.0515625 0.08515625