1 0.90546875 0.85234375 0.1703125 0.22109375
1 0.76015625 0.81640625 0.1703125 0.22109375
1 0.27734375 0.86015625 0.1453125 0.21640625
1 0.57578125 0.709375 0.1859375 0.25234375
1 0.65390625 0.534375 0.1859375 0.25234375
1 0.69609375 0.11875 0.1734375 0.23359375
1 0.81640625 0.51796875 0.1546875 0.20234375
1 0.15703125 0.309375 0.1671875 0.23125
1 0.184375 0.70859375 0.190625 0.20859375
1 0.40390625 0.68046875 0.1640625 0.19765625
1 0.41953125 0.90078125 0.1640625 0.19765625
1 0.26015625 0.16953125 0.1640625 0.23125
1 0.37734375 0.096875 0.1546875 0.18984375
0 0.83515625 0.353125 0.0515625 0.09375
0 0.71015625 0.34609375 0.0859375 0.10859375
0 0.20703125 0.478125 0.0640625 0.09375
0 0.2078125 0.39921875 0.059375 0.07265625
2 0.453125 0.33828125 0.33125 0.40625