1 0.18125 0.453125 0.153125 0.21015625
1 0.3671875 0.23671875 0.153125 0.21015625
1 0.22890625 0.28359375 0.1484375 0.15859375
1 0.3390625 0.52265625 0.171875 0.225
1 0.459375 0.39375 0.2 0.22890625
1 0.759375 0.85859375 0.175 0.19140625
1 0.8734375 0.91015625 0.15625 0.17890625
1 0.75234375 0.64296875 0.2046875 0.21875
1 0.85234375 0.371875 0.1578125 0.21875
1 0.11953125 0.17578125 0.2203125 0.21875
1 0.62734375 0.45703125 0.1578125 0.24765625
2 0.36015625 0.80546875 0.3765625 0.38515625
0 0.28046875 0.15234375 0.0515625 0.06640625