1 0.69296875 0.26796875 0.1828125 0.26015625
1 0.490625 0.23984375 0.165625 0.175
1 0.8359375 0.478125 0.1625 0.30625
1 0.671875 0.66796875 0.15625 0.21484375
1 0.2125 0.08515625 0.175 0.16640625
1 0.75703125 0.9265625 0.1171875 0.146875
1 0.41953125 0.83984375 0.2046875 0.22109375
1 0.565625 0.803125 0.1375 0.19765625
1 0.07890625 0.41171875 0.1546875 0.23125
1 0.86875 0.159375 0.15625 0.23125
1 0.9421875 0.9078125 0.115625 0.184375
2 0.44921875 0.52578125 0.3109375 0.36484375
1 0.2390625 0.5 0.165625 0.175
1 0.315625 0.746875 0.196875 0.22734375