1 0.51484375 0.35078125 0.1765625 0.22265625
1 0.17578125 0.32578125 0.1765625 0.22265625
1 0.728125 0.22109375 0.1625 0.26640625
1 0.91875 0.2875 0.1625 0.26640625
1 0.821875 0.53515625 0.1625 0.26640625
1 0.809375 0.83515625 0.1625 0.26640625
1 0.7375 0.86640625 0.1625 0.26640625
1 0.41328125 0.47421875 0.1546875 0.22265625
1 0.67109375 0.48828125 0.1546875 0.22265625
1 0.078125 0.24453125 0.153125 0.22265625
1 0.6 0.09140625 0.1875 0.17890625
1 0.353125 0.07421875 0.2 0.14375
1 0.33828125 0.453125 0.1359375 0.21875
1 0.28515625 0.50703125 0.1359375 0.21875
1 0.22890625 0.54921875 0.1359375 0.21875
1 0.11328125 0.590625 0.1359375 0.21875
0 0.29453125 0.171875 0.0578125 0.07265625
0 0.03828125 0.871875 0.0578125 0.07265625
0 0.22265625 0.671875 0.0578125 0.07265625
2 0.52421875 0.8 0.3296875 0.4
1 0.30234375 0.75078125 0.1328125 0.26015625
1 0.18515625 0.12109375 0.1734375 0.1625