1 0.7234375 0.22421875 0.175 0.21015625
1 0.53828125 0.234375 0.1296875 0.21015625
1 0.48359375 0.9171875 0.1484375 0.165625
1 0.44375 0.5 0.140625 0.22109375
1 0.41796875 0.21171875 0.1171875 0.18984375
1 0.8375 0.64765625 0.15625 0.23359375
1 0.77265625 0.82890625 0.1453125 0.17890625
1 0.91640625 0.91953125 0.1546875 0.16015625
1 0.69609375 0.946875 0.1546875 0.10625
1 0.56484375 0.7 0.1453125 0.17890625
1 0.65 0.64453125 0.15 0.21484375
1 0.08203125 0.8984375 0.1515625 0.203125
1 0.05234375 0.66640625 0.1015625 0.24140625
2 0.2734375 0.76484375 0.35 0.41640625
0 0.73828125 0.346875 0.0640625 0.08125
0 0.94296875 0.57109375 0.0765625 0.08359375