2 0.23359375 0.51484375 0.2328125 0.28359375
0 0.73046875 0.625 0.0859375 0.07109375
1 0.46796875 0.296875 0.1828125 0.23515625
1 0.39453125 0.19765625 0.1265625 0.19609375
1 0.64609375 0.38671875 0.1546875 0.17734375
1 0.75703125 0.38046875 0.1890625 0.18984375
1 0.44921875 0.51328125 0.1890625 0.22265625
1 0.41796875 0.66328125 0.1890625 0.22265625
1 0.31171875 0.778125 0.1890625 0.22265625
1 0.49453125 0.871875 0.1890625 0.22265625
1 0.70390625 0.853125 0.1890625 0.22265625
1 0.8828125 0.31875 0.184375 0.17890625
1 0.90234375 0.21328125 0.1890625 0.18984375
1 0.73984375 0.11953125 0.1640625 0.20625
1 0.2109375 0.175 0.203125 0.25390625
1 0.115625 0.26640625 0.171875 0.24140625
1 0.06875 0.39453125 0.134375 0.25625
1 0.0625 0.53359375 0.121875 0.25859375
1 0.059375 0.65625 0.115625 0.2125
1 0.059375 0.75234375 0.115625 0.2125
1 0.10078125 0.84765625 0.1265625 0.21640625
1 0.0890625 0.940625 0.14375 0.11875
1 0.39609375 0.05390625 0.1453125 0.10390625
1 0.5 0.078125 0.140625 0.15234375