2 0.51640625 0.42265625 0.1640625 0.23359375
0 0.34921875 0.475 0.0515625 0.05859375
0 0.42890625 0.57734375 0.0515625 0.05859375
0 0.040625 0.6125 0.04375 0.07109375
1 0.15234375 0.34609375 0.2046875 0.26640625
1 0.10390625 0.09453125 0.1484375 0.18515625
1 0.075 0.14609375 0.146875 0.1875
1 0.2625 0.14765625 0.18125 0.19140625
1 0.40078125 0.096875 0.1796875 0.18984375
1 0.6734375 0.67265625 0.16875 0.20859375
1 0.7203125 0.89453125 0.140625 0.21015625
1 0.490625 0.89453125 0.140625 0.21015625
1 0.6921875 0.471875 0.159375 0.20625
1 0.8109375 0.190625 0.128125 0.18515625
1 0.93125 0.10078125 0.1375 0.19765625
1 0.534375 0.66953125 0.1625 0.22265625
1 0.44375 0.73203125 0.1625 0.22265625
1 0.30234375 0.76796875 0.1703125 0.21015625
1 0.5375 0.20078125 0.15 0.18984375
1 0.6546875 0.25078125 0.15 0.18984375
1 0.76953125 0.04765625 0.1671875 0.09140625