1 0.07421875 0.628125 0.1328125 0.21875
1 0.41640625 0.13125 0.1765625 0.22890625
1 0.3234375 0.70546875 0.153125 0.23125
1 0.19453125 0.915625 0.1296875 0.16875
1 0.91328125 0.134375 0.1578125 0.21484375
1 0.709375 0.26875 0.140625 0.18359375
1 0.47421875 0.57265625 0.1765625 0.20859375
1 0.50703125 0.71484375 0.1765625 0.20859375
1 0.215625 0.49140625 0.16875 0.2375
1 0.3265625 0.44609375 0.16875 0.2375
1 0.3171875 0.11640625 0.165625 0.22890625
1 0.5984375 0.825 0.15625 0.14609375
1 0.07109375 0.325 0.1390625 0.18359375
2 0.7875 0.665625 0.378125 0.47734375