1 0.7421875 0.540625 0.19375 0.23984375
1 0.44140625 0.86328125 0.1734375 0.17734375
1 0.13984375 0.10625 0.1734375 0.20390625
1 0.27734375 0.59375 0.1734375 0.20390625
1 0.66015625 0.35859375 0.1734375 0.20390625
1 0.08515625 0.40390625 0.1671875 0.22890625
1 0.46953125 0.35859375 0.1734375 0.20390625
1 0.90859375 0.21875 0.1734375 0.20390625
1 0.72890625 0.08203125 0.1484375 0.16015625
1 0.07265625 0.721875 0.1421875 0.19375
2 0.49609375 0.61953125 0.1984375 0.30234375
0 0.11640625 0.83515625 0.0421875 0.05859375
0 0.140625 0.94140625 0.040625 0.08359375