2 0.3078125 0.69296875 0.28125 0.37734375
1 0.4109375 0.328125 0.175 0.21484375
1 0.346875 0.378125 0.175 0.21484375
1 0.70625 0.46328125 0.146875 0.21484375
1 0.8484375 0.328125 0.175 0.21484375
1 0.92578125 0.77421875 0.1484375 0.23515625
1 0.48046875 0.88515625 0.1484375 0.22890625
1 0.06953125 0.65234375 0.1359375 0.19609375
1 0.078125 0.39609375 0.153125 0.21640625
1 0.171875 0.28984375 0.15625 0.21640625
1 0.5703125 0.1625 0.2 0.2375
1 0.69609375 0.2375 0.1515625 0.225
1 0.9234375 0.61640625 0.15 0.225
1 0.659375 0.45625 0.096875 0.2125
1 0.73359375 0.084375 0.1515625 0.16484375
1 0.82578125 0.084375 0.1515625 0.16484375
0 0.28125 0.22578125 0.05625 0.07265625
1 0.8046875 0.65703125 0.146875 0.21484375
1 0.24765625 0.090625 0.1609375 0.17734375
1 0.21484375 0.90234375 0.2109375 0.18359375