1 0.5796875 0.9015625 0.13125 0.196875
1 0.271875 0.83984375 0.153125 0.2
1 0.07734375 0.78984375 0.1515625 0.2
1 0.1984375 0.65390625 0.153125 0.2
1 0.115625 0.08671875 0.15625 0.16875
1 0.33515625 0.109375 0.1796875 0.21484375
1 0.5171875 0.11484375 0.15 0.225
1 0.896875 0.065625 0.159375 0.12734375
1 0.90078125 0.31640625 0.1640625 0.21640625
1 0.91796875 0.86640625 0.1640625 0.21640625
1 0.64140625 0.684375 0.1921875 0.23125
1 0.55703125 0.50078125 0.1921875 0.23125
1 0.134375 0.421875 0.16875 0.18984375
1 0.39453125 0.6125 0.1890625 0.22890625
2 0.675 0.27734375 0.33125 0.40390625