1 0.65546875 0.2 0.1578125 0.23359375
1 0.81796875 0.44140625 0.1578125 0.23359375
1 0.79296875 0.69140625 0.1921875 0.225
1 0.9171875 0.86015625 0.165625 0.20390625
1 0.715625 0.8859375 0.165625 0.228125
1 0.93671875 0.31328125 0.1265625 0.22265625
1 0.80546875 0.09375 0.1453125 0.18359375
1 0.49140625 0.82890625 0.1171875 0.22890625
1 0.4203125 0.828125 0.1875 0.18984375
1 0.23203125 0.83359375 0.1640625 0.22890625
1 0.65546875 0.38359375 0.1421875 0.17109375
1 0.3640625 0.153125 0.15625 0.19375
1 0.1421875 0.515625 0.15625 0.19375
1 0.24140625 0.134375 0.1515625 0.22734375
1 0.12890625 0.315625 0.1765625 0.23984375
2 0.3734375 0.53671875 0.38125 0.49765625