2 0.7515625 0.75234375 0.1875 0.24609375
1 0.3734375 0.34609375 0.1625 0.24609375
1 0.50546875 0.28046875 0.1609375 0.18984375
1 0.47265625 0.459375 0.1609375 0.18984375
1 0.49921875 0.509375 0.1609375 0.18984375
1 0.91015625 0.39765625 0.1671875 0.25390625
1 0.93203125 0.50703125 0.1359375 0.21875
1 0.81640625 0.55703125 0.1359375 0.21875
1 0.76796875 0.496875 0.1359375 0.21875
1 0.70859375 0.478125 0.1359375 0.21875
1 0.63359375 0.434375 0.1359375 0.21875
1 0.88046875 0.178125 0.1359375 0.21875
1 0.81640625 0.16328125 0.1359375 0.21875
1 0.67578125 0.140625 0.1359375 0.21875
1 0.21796875 0.88828125 0.1359375 0.18515625
1 0.08984375 0.759375 0.1359375 0.18515625
1 0.09453125 0.25078125 0.1359375 0.18515625
1 0.10078125 0.38984375 0.1578125 0.2125
1 0.13671875 0.4625 0.1578125 0.2125
1 0.15234375 0.08984375 0.1546875 0.15859375
1 0.25390625 0.10625 0.1546875 0.15859375
1 0.27421875 0.14375 0.1546875 0.15859375
1 0.92421875 0.80703125 0.1515625 0.21875
1 0.58984375 0.95390625 0.1453125 0.09140625
1 0.36796875 0.74609375 0.1765625 0.22109375
1 0.31484375 0.6125 0.1765625 0.22109375
1 0.23671875 0.57734375 0.1765625 0.22109375
0 0.2390625 0.27890625 0.065625 0.09609375
0 0.59453125 0.17109375 0.0515625 0.07890625
1 0.08046875 0.61953125 0.1578125 0.20625