1 0.39296875 0.80078125 0.1609375 0.20234375
1 0.06796875 0.87265625 0.1328125 0.20390625
1 0.540625 0.31875 0.234375 0.16640625
1 0.35859375 0.60234375 0.1953125 0.16640625
1 0.465625 0.14296875 0.1875 0.18515625
1 0.1828125 0.12109375 0.1625 0.2125
1 0.5578125 0.63359375 0.165625 0.22109375
1 0.7078125 0.5625 0.18125 0.20859375
1 0.74609375 0.740625 0.1890625 0.21484375
1 0.90234375 0.33046875 0.1734375 0.23125
1 0.89140625 0.50078125 0.1421875 0.23125
1 0.5921875 0.92578125 0.15625 0.14765625
0 0.8375 0.88671875 0.071875 0.08515625
0 0.97734375 0.65390625 0.0453125 0.0625
2 0.13203125 0.396875 0.2609375 0.41015625
0 0.034375 0.05703125 0.05625 0.06015625