1 0.665625 0.68515625 0.171875 0.2125
1 0.9171875 0.446875 0.153125 0.19765625
1 0.85625 0.22890625 0.159375 0.20390625
1 0.23125 0.565625 0.134375 0.21015625
1 0.41796875 0.815625 0.1328125 0.17734375
1 0.1703125 0.64921875 0.134375 0.18984375
1 0.07265625 0.07578125 0.1421875 0.14765625
1 0.11328125 0.403125 0.1296875 0.17265625
1 0.65859375 0.41328125 0.1390625 0.18984375
1 0.496875 0.171875 0.19375 0.22734375
1 0.1703125 0.20546875 0.14375 0.23125
1 0.73046875 0.23984375 0.1546875 0.2125
1 0.54921875 0.85078125 0.1390625 0.18984375
2 0.4203125 0.459375 0.284375 0.37734375
0 0.07890625 0.89921875 0.0671875 0.07265625