2 0.22890625 0.34765625 0.2203125 0.25390625
2 0.88828125 0.81640625 0.2203125 0.36640625
0 0.303125 0.19921875 0.053125 0.08125
0 0.121875 0.959375 0.053125 0.08125
1 0.12578125 0.78984375 0.1984375 0.20390625
1 0.26640625 0.82109375 0.1984375 0.20390625
1 0.23359375 0.56640625 0.1984375 0.20390625
1 0.14765625 0.53515625 0.1984375 0.20390625
1 0.67265625 0.69765625 0.1984375 0.20390625
1 0.63984375 0.46640625 0.1984375 0.20390625
1 0.56171875 0.19765625 0.1984375 0.20390625
1 0.725 0.28359375 0.146875 0.21640625
1 0.0796875 0.109375 0.146875 0.21484375
1 0.0609375 0.309375 0.11875 0.21484375
1 0.940625 0.225 0.11875 0.24609375
1 0.8828125 0.38671875 0.18125 0.24765625