1 0.1 0.528125 0.175 0.18515625
1 0.29765625 0.75078125 0.1671875 0.22265625
1 0.153125 0.7 0.13125 0.29140625
1 0.634375 0.64375 0.184375 0.21640625
1 0.48671875 0.76953125 0.1703125 0.17265625
1 0.45 0.509375 0.1375 0.28515625
1 0.57265625 0.44921875 0.1671875 0.22265625
1 0.89765625 0.64453125 0.1828125 0.22265625
1 0.90234375 0.32421875 0.1828125 0.22265625
1 0.47421875 0.9234375 0.1859375 0.153125
1 0.3 0.52109375 0.19375 0.17890625
1 0.17421875 0.253125 0.1921875 0.21875
1 0.7046875 0.534375 0.1375 0.17265625
1 0.8125 0.06953125 0.1375 0.13515625
1 0.6421875 0.86875 0.15 0.2625
0 0.79765625 0.17109375 0.0765625 0.08359375
2 0.4734375 0.19453125 0.34375 0.38515625