1 0.2609375 0.51171875 0.18125 0.20625
1 0.35390625 0.725 0.1578125 0.21640625
1 0.253125 0.7375 0.14375 0.1875
1 0.38203125 0.11328125 0.1796875 0.22265625
1 0.784375 0.8375 0.159375 0.21640625
1 0.79609375 0.47578125 0.1671875 0.23125
1 0.76875 0.575 0.165625 0.2125
1 0.49375 0.36796875 0.171875 0.19765625
1 0.9375 0.27265625 0.125 0.24609375
1 0.91953125 0.07265625 0.1578125 0.14140625
1 0.78203125 0.07265625 0.1578125 0.14140625
1 0.58984375 0.096875 0.1578125 0.18984375
1 0.73515625 0.234375 0.1546875 0.20234375
1 0.43359375 0.328125 0.1546875 0.20234375
1 0.18984375 0.19453125 0.1546875 0.20234375
1 0.11015625 0.62578125 0.1671875 0.23125
1 0.47734375 0.56015625 0.1578125 0.15
1 0.93125 0.59375 0.1375 0.21640625
2 0.62109375 0.78125 0.2453125 0.325