1 0.16796875 0.74765625 0.1703125 0.22109375
1 0.05390625 0.546875 0.1046875 0.24765625
1 0.33828125 0.34765625 0.1703125 0.22109375
1 0.25859375 0.290625 0.1734375 0.23984375
1 0.309375 0.09375 0.146875 0.18359375
1 0.453125 0.09375 0.146875 0.18359375
1 0.8765625 0.53046875 0.1625 0.20234375
1 0.8296875 0.31953125 0.1625 0.20234375
1 0.66875 0.396875 0.1625 0.20234375
1 0.4671875 0.596875 0.190625 0.21484375
1 0.36484375 0.54921875 0.1796875 0.21484375
1 0.3234375 0.80078125 0.153125 0.26875
1 0.53515625 0.82421875 0.1109375 0.24765625
1 0.59921875 0.16015625 0.2109375 0.31640625
2 0.703125 0.72734375 0.35 0.42109375