1 0.49140625 0.77734375 0.1734375 0.23359375
1 0.25703125 0.83046875 0.2171875 0.23125
1 0.49375 0.215625 0.178125 0.19375
1 0.93671875 0.09140625 0.1265625 0.17890625
1 0.7609375 0.12109375 0.16875 0.2375
1 0.93203125 0.38046875 0.1359375 0.28125
1 0.76484375 0.70078125 0.1359375 0.28125
1 0.68046875 0.40078125 0.1359375 0.28125
1 0.09375 0.28359375 0.184375 0.26640625
1 0.91328125 0.69609375 0.1734375 0.23359375
2 0.271875 0.16171875 0.2125 0.27265625
0 0.5296875 0.33359375 0.071875 0.08359375
0 0.5890625 0.48984375 0.071875 0.08359375
1 0.19609375 0.57734375 0.1734375 0.23359375