2 0.17734375 0.67734375 0.2828125 0.4
2 0.58515625 0.753125 0.4234375 0.45234375
1 0.340625 0.565625 0.159375 0.24765625
1 0.18671875 0.396875 0.1578125 0.21875
1 0.13203125 0.265625 0.1296875 0.18125
1 0.49453125 0.43671875 0.1296875 0.18125
1 0.55078125 0.46328125 0.1296875 0.18125
1 0.48203125 0.234375 0.1296875 0.18125
1 0.54453125 0.246875 0.1296875 0.18125
1 0.59453125 0.25703125 0.1296875 0.18125
1 0.7859375 0.071875 0.146875 0.13984375
1 0.58046875 0.07265625 0.1796875 0.14140625
1 0.3984375 0.04609375 0.171875 0.0875
1 0.090625 0.08359375 0.13125 0.1625
1 0.7375 0.27578125 0.20625 0.21875
1 0.9375 0.60546875 0.125 0.22734375
1 0.94609375 0.45234375 0.1078125 0.17890625
1 0.9421875 0.24609375 0.115625 0.175