1 0.68359375 0.66796875 0.1765625 0.19375
1 0.77265625 0.44765625 0.1859375 0.24609375
1 0.6265625 0.3125 0.16875 0.225
1 0.521875 0.409375 0.1625 0.19375
1 0.6171875 0.09765625 0.1625 0.19140625
1 0.64140625 0.89453125 0.1734375 0.21015625
1 0.4296875 0.9234375 0.171875 0.153125
1 0.7875 0.1125 0.175 0.22109375
1 0.92734375 0.80859375 0.1453125 0.225
1 0.34296875 0.24375 0.1453125 0.225
1 0.15703125 0.26484375 0.1453125 0.225
1 0.08828125 0.375 0.1453125 0.225
2 0.22109375 0.65625 0.3546875 0.38359375