1 0.265625 0.56796875 0.1875 0.24765625
1 0.4484375 0.58515625 0.178125 0.225
1 0.3640625 0.10625 0.15 0.20859375
1 0.18359375 0.31953125 0.1953125 0.24375
1 0.13203125 0.42265625 0.1515625 0.22109375
1 0.11171875 0.82109375 0.1609375 0.25
1 0.63046875 0.575 0.1609375 0.2
1 0.80546875 0.50703125 0.1828125 0.23515625
1 0.65546875 0.80546875 0.1828125 0.23515625
1 0.29140625 0.85703125 0.1828125 0.23515625
1 0.9421875 0.6875 0.115625 0.23359375
1 0.7890625 0.63046875 0.1875 0.20625
1 0.57578125 0.775 0.1859375 0.1875
1 0.74140625 0.09453125 0.1859375 0.18515625
2 0.56640625 0.290625 0.3265625 0.43984375