2 0.3078125 0.53203125 0.253125 0.26484375
1 0.16875 0.22265625 0.134375 0.27109375
1 0.4421875 0.68515625 0.146875 0.2
1 0.628125 0.75859375 0.146875 0.2
1 0.925 0.52109375 0.146875 0.2625
1 0.92578125 0.3 0.1484375 0.2625
1 0.9390625 0.10625 0.121875 0.20859375
1 0.32109375 0.08828125 0.1703125 0.17265625
1 0.503125 0.08125 0.23125 0.15859375
1 0.55859375 0.39765625 0.1703125 0.175
1 0.27734375 0.88828125 0.2578125 0.20625
0 0.665625 0.41015625 0.078125 0.075
0 0.02421875 0.628125 0.0453125 0.08125
1 0.77734375 0.59609375 0.1734375 0.26640625
1 0.715625 0.82109375 0.146875 0.2
1 0.8015625 0.9 0.15625 0.2