1 0.53203125 0.71640625 0.1671875 0.2125
1 0.403125 0.67265625 0.1375 0.175
1 0.13671875 0.23125 0.1359375 0.25859375
1 0.89921875 0.36015625 0.1671875 0.2125
1 0.33671875 0.44765625 0.1703125 0.21640625
1 0.46015625 0.45703125 0.1515625 0.20234375
1 0.55390625 0.46640625 0.1546875 0.19140625
1 0.32421875 0.86640625 0.1546875 0.19140625
1 0.05546875 0.51171875 0.1078125 0.21015625
1 0.28671875 0.67734375 0.1546875 0.19140625
1 0.75625 0.35625 0.146875 0.21640625
1 0.8078125 0.60703125 0.184375 0.22734375
1 0.746875 0.803125 0.184375 0.22734375
2 0.56796875 0.18671875 0.3734375 0.36875