1 0.78359375 0.83046875 0.1921875 0.21484375
1 0.5171875 0.45546875 0.178125 0.16484375
1 0.61015625 0.653125 0.1578125 0.21875
1 0.659375 0.32578125 0.18125 0.22265625
1 0.68046875 0.09609375 0.1796875 0.1875
1 0.14375 0.8859375 0.1875 0.228125
1 0.0875 0.67265625 0.15625 0.19609375
1 0.10625 0.18984375 0.19375 0.20859375
1 0.23828125 0.07578125 0.1703125 0.14765625
1 0.40859375 0.07578125 0.1703125 0.14765625
1 0.86875 0.265625 0.165625 0.21875
1 0.5796875 0.73671875 0.165625 0.21875
1 0.346875 0.80703125 0.159375 0.17734375
1 0.38046875 0.225 0.1953125 0.25390625
1 0.9375 0.38203125 0.125 0.20234375
1 0.0765625 0.37578125 0.15 0.19375
0 0.47578125 0.86640625 0.0859375 0.1
0 0.87109375 0.52265625 0.0984375 0.13359375
2 0.25 0.51640625 0.328125 0.4125