1 0.2875 0.58046875 0.159375 0.21875
1 0.51875 0.609375 0.159375 0.21875
1 0.559375 0.828125 0.159375 0.21875
1 0.38515625 0.75078125 0.1484375 0.20234375
1 0.25234375 0.86328125 0.1484375 0.20234375
1 0.30546875 0.37421875 0.1484375 0.20234375
1 0.41171875 0.19609375 0.1703125 0.2
1 0.46640625 0.40390625 0.1703125 0.2
1 0.87578125 0.340625 0.1703125 0.23984375
1 0.87890625 0.85703125 0.1703125 0.23984375
1 0.7453125 0.70546875 0.2125 0.22734375
1 0.15390625 0.28203125 0.1703125 0.23984375
1 0.12109375 0.496875 0.1703125 0.23984375
2 0.66484375 0.13671875 0.3484375 0.26875