1 0.70078125 0.23359375 0.1515625 0.26640625
1 0.89140625 0.50078125 0.1578125 0.21875
1 0.81796875 0.09296875 0.1671875 0.18125
1 0.3015625 0.47265625 0.16875 0.2
1 0.38828125 0.84375 0.1703125 0.2375
1 0.6171875 0.85 0.159375 0.19140625
1 0.29375 0.6625 0.16875 0.2
1 0.24296875 0.87734375 0.1734375 0.24140625
1 0.48046875 0.31875 0.1734375 0.15390625
1 0.41640625 0.12109375 0.1015625 0.2375
1 0.871875 0.26015625 0.14375 0.1875
1 0.78046875 0.83125 0.1484375 0.20390625
1 0.07265625 0.61171875 0.1421875 0.21875
2 0.48515625 0.596875 0.3390625 0.43984375