1 0.1421875 0.628125 0.153125 0.24765625
1 0.1609375 0.240625 0.153125 0.24765625
1 0.3046875 0.67578125 0.153125 0.24765625
1 0.78828125 0.76953125 0.1734375 0.24375
1 0.39375 0.41171875 0.1625 0.23125
1 0.4046875 0.21484375 0.16875 0.18359375
1 0.90390625 0.59296875 0.1546875 0.19375
1 0.4328125 0.89140625 0.178125 0.2125
1 0.28515625 0.91015625 0.1546875 0.17890625
1 0.61328125 0.36796875 0.1984375 0.19765625
1 0.53984375 0.08828125 0.1703125 0.17265625
2 0.56484375 0.65234375 0.3609375 0.425
0 0.90625 0.734375 0.05 0.08125