2 0.29453125 0.58203125 0.2546875 0.28125
1 0.48046875 0.29609375 0.1953125 0.23359375
1 0.14609375 0.44140625 0.1453125 0.19609375
1 0.12265625 0.265625 0.2078125 0.21484375
1 0.38359375 0.82578125 0.1578125 0.21015625
1 0.26640625 0.85078125 0.1578125 0.21015625
1 0.20859375 0.846875 0.1578125 0.21015625
1 0.10234375 0.846875 0.1578125 0.21015625
1 0.56328125 0.74921875 0.1578125 0.21015625
1 0.73046875 0.73828125 0.1578125 0.21015625
1 0.83671875 0.515625 0.1578125 0.21015625
1 0.83046875 0.11796875 0.1796875 0.22734375
1 0.65 0.1 0.18125 0.19609375
1 0.2640625 0.1 0.18125 0.19609375
1 0.2953125 0.259375 0.18125 0.19765625
0 0.0359375 0.08359375 0.06875 0.0875
0 0.88359375 0.64296875 0.0546875 0.06484375
1 0.68671875 0.47265625 0.1953125 0.23359375
1 0.82890625 0.90703125 0.1359375 0.18515625