1 0.52421875 0.88203125 0.1578125 0.23515625
1 0.6859375 0.846875 0.165625 0.19375
1 0.54296875 0.24375 0.1703125 0.20859375
1 0.70234375 0.16015625 0.1796875 0.25
1 0.5515625 0.65625 0.178125 0.19609375
1 0.409375 0.09375 0.184375 0.18359375
1 0.6046875 0.48046875 0.13125 0.21875
1 0.91640625 0.11171875 0.1609375 0.21875
1 0.7296875 0.415625 0.1625 0.22265625
1 0.76171875 0.63828125 0.1609375 0.20234375
1 0.2671875 0.21953125 0.159375 0.22265625
1 0.88359375 0.384375 0.1484375 0.21015625
1 0.88359375 0.828125 0.1796875 0.17734375
1 0.0671875 0.31328125 0.13125 0.22734375
2 0.1921875 0.69453125 0.3125 0.44375
0 0.53046875 0.47890625 0.0546875 0.0875