2 0.375 0.41328125 0.278125 0.33515625
1 0.28359375 0.79453125 0.1890625 0.24375
1 0.5796875 0.365625 0.146875 0.25234375
1 0.775 0.803125 0.14375 0.23515625
1 0.7390625 0.87578125 0.14375 0.23515625
1 0.45 0.81484375 0.18125 0.24140625
1 0.77890625 0.26953125 0.1578125 0.16015625
1 0.9453125 0.721875 0.109375 0.23515625
1 0.90625 0.253125 0.178125 0.21875
1 0.61328125 0.57890625 0.1828125 0.24609375
1 0.79296875 0.59609375 0.1828125 0.24609375
1 0.1765625 0.44921875 0.146875 0.25234375
0 0.1765625 0.72109375 0.05 0.07890625