1 0.70625 0.61640625 0.1625 0.20390625
1 0.70625 0.73984375 0.1625 0.20390625
1 0.91875 0.49609375 0.1625 0.20390625
1 0.60078125 0.09140625 0.1640625 0.17890625
1 0.18203125 0.19375 0.1609375 0.23359375
1 0.7875 0.10703125 0.1625 0.18125
1 0.771875 0.41484375 0.1625 0.225
1 0.475 0.44765625 0.1625 0.20390625
1 0.0625 0.34609375 0.121875 0.20859375
1 0.54921875 0.86796875 0.1578125 0.21015625
1 0.59140625 0.296875 0.1578125 0.21015625
2 0.27265625 0.79140625 0.2578125 0.2875
0 0.2984375 0.25 0.05625 0.075
0 0.96640625 0.87421875 0.0640625 0.08515625