1 0.1171875 0.55859375 0.153125 0.2125
1 0.28125 0.575 0.153125 0.2125
1 0.1765625 0.34609375 0.153125 0.2125
1 0.06484375 0.33984375 0.1265625 0.20859375
1 0.48828125 0.4625 0.1484375 0.20390625
1 0.3578125 0.36796875 0.196875 0.18984375
1 0.3078125 0.209375 0.184375 0.15234375
1 0.14375 0.08515625 0.18125 0.16640625
1 0.8234375 0.225 0.203125 0.225
1 0.6375 0.078125 0.196875 0.15234375
1 0.46640625 0.25390625 0.1578125 0.2125
1 0.7375 0.5 0.1625 0.24609375
1 0.828125 0.45390625 0.1625 0.2125
1 0.184375 0.875 0.153125 0.2125
1 0.6640625 0.71640625 0.153125 0.2125
2 0.4453125 0.796875 0.35625 0.40625