1 0.11640625 0.715625 0.1609375 0.20625
1 0.41328125 0.33671875 0.1296875 0.17734375
1 0.86015625 0.39296875 0.1609375 0.19765625
1 0.26328125 0.20703125 0.1609375 0.19765625
1 0.81953125 0.621875 0.1640625 0.23125
1 0.934375 0.82578125 0.13125 0.17734375
1 0.8046875 0.921875 0.153125 0.15625
1 0.55234375 0.9515625 0.1609375 0.096875
1 0.3359375 0.959375 0.15625 0.08125
1 0.06875 0.21484375 0.134375 0.17109375
2 0.434375 0.66953125 0.24375 0.31015625
1 0.25625 0.71875 0.13125 0.2125
1 0.2375 0.55234375 0.13125 0.2125
1 0.62734375 0.434375 0.1390625 0.23125
1 0.52109375 0.31328125 0.1421875 0.19765625