1 0.52734375 0.7625 0.1828125 0.23359375
1 0.675 0.48515625 0.184375 0.175
1 0.78203125 0.83671875 0.1671875 0.19375
1 0.86953125 0.43828125 0.1640625 0.22734375
1 0.85859375 0.72734375 0.1578125 0.19140625
1 0.72734375 0.9296875 0.1453125 0.140625
1 0.15703125 0.83671875 0.1296875 0.20234375
1 0.39453125 0.34453125 0.1546875 0.19765625
1 0.83828125 0.11328125 0.1546875 0.19765625
1 0.65625 0.29296875 0.184375 0.19375
1 0.12265625 0.12421875 0.1546875 0.19765625
1 0.23125 0.30625 0.1625 0.1875
1 0.43671875 0.11171875 0.1609375 0.20625
1 0.5921875 0.08359375 0.16875 0.1625
1 0.27109375 0.10390625 0.1484375 0.20390625
1 0.08359375 0.50078125 0.1640625 0.18515625
2 0.321875 0.67265625 0.278125 0.3875