1 0.27109375 0.18203125 0.1734375 0.26484375
1 0.72578125 0.41640625 0.1453125 0.20859375
1 0.55625 0.08359375 0.165625 0.1625
1 0.528125 0.38984375 0.16875 0.22109375
1 0.1421875 0.48515625 0.16875 0.19140625
1 0.31328125 0.58671875 0.1734375 0.16015625
1 0.321875 0.38203125 0.15625 0.18984375
1 0.8578125 0.59453125 0.153125 0.23515625
1 0.07734375 0.26328125 0.1515625 0.23515625
1 0.61640625 0.17890625 0.1953125 0.2375
1 0.58203125 0.92265625 0.2046875 0.15
2 0.603125 0.6625 0.315625 0.42109375