1 0.77734375 0.6625 0.1453125 0.19609375
1 0.78046875 0.80625 0.1453125 0.19609375
1 0.39609375 0.884375 0.1515625 0.23125
1 0.49765625 0.78046875 0.1515625 0.23125
1 0.31953125 0.47109375 0.1265625 0.22109375
1 0.40234375 0.240625 0.1609375 0.26484375
1 0.17265625 0.38203125 0.1546875 0.21875
1 0.93359375 0.46484375 0.1328125 0.2125
1 0.14140625 0.73515625 0.1671875 0.20859375
1 0.86875 0.22265625 0.16875 0.20859375
1 0.6796875 0.10859375 0.16875 0.20859375
1 0.23125 0.14375 0.140625 0.18359375
1 0.0703125 0.15859375 0.1375 0.18359375
1 0.46796875 0.60859375 0.1640625 0.18359375
1 0.06328125 0.39140625 0.1234375 0.20859375
1 0.225 0.56953125 0.11875 0.18984375
2 0.6421875 0.39296875 0.446875 0.40625