1 0.1796875 0.228125 0.15625 0.28125
1 0.67265625 0.0875 0.1796875 0.17109375
1 0.44765625 0.11484375 0.1859375 0.21640625
1 0.85390625 0.375 0.1859375 0.21640625
1 0.36640625 0.70859375 0.1859375 0.21640625
1 0.2390625 0.903125 0.184375 0.19375
1 0.57109375 0.85 0.1703125 0.2375
1 0.159375 0.659375 0.165625 0.18125
1 0.3421875 0.27265625 0.16875 0.225
1 0.2765625 0.48046875 0.221875 0.26015625
1 0.81328125 0.91328125 0.1703125 0.17265625
1 0.93515625 0.53046875 0.1296875 0.21875
2 0.56171875 0.51484375 0.3328125 0.43359375
0 0.1390625 0.07109375 0.059375 0.07890625