1 0.7734375 0.18671875 0.15625 0.20234375
1 0.8140625 0.53828125 0.15625 0.20234375
1 0.07890625 0.10234375 0.1546875 0.2
1 0.0828125 0.371875 0.15625 0.20234375
1 0.1765625 0.65703125 0.15625 0.20234375
1 0.6203125 0.778125 0.178125 0.20625
1 0.90859375 0.575 0.1734375 0.26640625
1 0.48125 0.62265625 0.1625 0.175
1 0.60390625 0.35859375 0.1578125 0.1875
1 0.63046875 0.9046875 0.1578125 0.190625
0 0.3265625 0.934375 0.06875 0.08984375
0 0.88203125 0.83671875 0.0546875 0.06484375
0 0.15078125 0.51875 0.0609375 0.07890625
0 0.18828125 0.13984375 0.0703125 0.075
0 0.434375 0.028125 0.059375 0.05234375
2 0.32890625 0.32421875 0.3703125 0.46015625