1 0.35625 0.7375 0.190625 0.23359375
1 0.08203125 0.721875 0.1609375 0.21484375
1 0.7734375 0.209375 0.1625 0.21484375
1 0.6984375 0.25546875 0.1625 0.21484375
1 0.615625 0.36328125 0.178125 0.26875
1 0.390625 0.41171875 0.196875 0.23515625
1 0.22734375 0.1 0.1640625 0.19609375
1 0.37890625 0.21484375 0.1765625 0.2125
1 0.5734375 0.08984375 0.16875 0.175
1 0.51875 0.64375 0.146875 0.19140625
1 0.5328125 0.77421875 0.15625 0.18984375
1 0.5328125 0.878125 0.15625 0.18984375
1 0.7171875 0.903125 0.15625 0.18984375
1 0.19765625 0.734375 0.1640625 0.23515625
2 0.8765625 0.75078125 0.246875 0.38515625
0 0.7375 0.646875 0.059375 0.07734375
0 0.41171875 0.059375 0.0515625 0.08984375