1 0.67734375 0.67890625 0.1734375 0.2
1 0.803125 0.25390625 0.20625 0.22890625
1 0.56015625 0.175 0.1578125 0.25390625
1 0.09921875 0.58046875 0.1671875 0.24375
1 0.1921875 0.53046875 0.18125 0.26875
1 0.3515625 0.26171875 0.16875 0.24765625
1 0.30859375 0.803125 0.1921875 0.23515625
1 0.45234375 0.76640625 0.1890625 0.19140625
1 0.14453125 0.88046875 0.2109375 0.22734375
1 0.67109375 0.89453125 0.1859375 0.19765625
1 0.90859375 0.10546875 0.1765625 0.17734375
1 0.12578125 0.18203125 0.1890625 0.24765625
1 0.8734375 0.64375 0.153125 0.20859375
1 0.9421875 0.434375 0.115625 0.23515625
1 0.78515625 0.459375 0.2453125 0.23984375
2 0.49375 0.484375 0.409375 0.43984375
0 0.53125 0.87578125 0.0625 0.09375
0 0.2421875 0.215625 0.0875 0.10234375