1 0.36796875 0.34609375 0.1609375 0.25390625
1 0.20390625 0.30078125 0.1734375 0.24765625
1 0.5453125 0.55 0.18125 0.2875
1 0.86640625 0.76015625 0.1703125 0.21640625
1 0.49609375 0.21796875 0.1515625 0.21015625
1 0.2734375 0.07578125 0.146875 0.14765625
1 0.82421875 0.46328125 0.1515625 0.21015625
1 0.8859375 0.178125 0.184375 0.23984375
1 0.07109375 0.46796875 0.1390625 0.22734375
1 0.715625 0.76953125 0.134375 0.19765625
1 0.68046875 0.30546875 0.1515625 0.21015625
2 0.37734375 0.82578125 0.3078125 0.34765625