1 0.44609375 0.59140625 0.1765625 0.19140625
1 0.328125 0.41953125 0.18125 0.23125
1 0.325 0.415625 0.18125 0.23125
1 0.19453125 0.51796875 0.1703125 0.21484375
1 0.0859375 0.08671875 0.15 0.16875
1 0.8140625 0.15546875 0.1625 0.19375
1 0.8515625 0.38984375 0.159375 0.20859375
1 0.1078125 0.72890625 0.13125 0.1875
1 0.1359375 0.3125 0.13125 0.1875
1 0.115625 0.49140625 0.13125 0.1875
1 0.58125 0.65546875 0.103125 0.21875
1 0.646875 0.21328125 0.14375 0.18125
1 0.72734375 0.38125 0.1578125 0.17890625
1 0.61640625 0.928125 0.1578125 0.13984375
1 0.2953125 0.62265625 0.140625 0.20390625
2 0.771875 0.68671875 0.3 0.42265625
0 0.51015625 0.8375 0.0640625 0.07890625