1 0.6625 0.33984375 0.234375 0.17890625
1 0.609375 0.65546875 0.146875 0.17734375
1 0.36484375 0.69765625 0.1546875 0.17890625
1 0.47265625 0.58984375 0.1546875 0.17890625
1 0.71328125 0.703125 0.1515625 0.23125
1 0.29921875 0.49921875 0.1515625 0.21015625
1 0.55390625 0.17890625 0.1546875 0.17890625
1 0.66015625 0.13359375 0.1546875 0.17890625
1 0.79453125 0.21875 0.1578125 0.22890625
1 0.07421875 0.50234375 0.1453125 0.18359375
1 0.05546875 0.109375 0.1078125 0.21015625
1 0.0921875 0.88359375 0.159375 0.15859375
1 0.9359375 0.43515625 0.128125 0.175
1 0.9359375 0.75234375 0.128125 0.175
1 0.825 0.93203125 0.153125 0.13515625
1 0.2359375 0.35859375 0.15625 0.21640625
2 0.325 0.109375 0.228125 0.21484375
0 0.09296875 0.4125 0.0453125 0.05390625