1 0.1984375 0.61796875 0.15625 0.19375
1 0.35390625 0.71640625 0.1359375 0.19609375
1 0.48046875 0.72265625 0.1515625 0.22109375
1 0.76171875 0.7125 0.1671875 0.20859375
1 0.896875 0.68984375 0.16875 0.24140625
1 0.14453125 0.89140625 0.1578125 0.1875
1 0.24375 0.36015625 0.171875 0.25
1 0.08203125 0.32734375 0.1578125 0.1875
1 0.60078125 0.52109375 0.1609375 0.2125
1 0.75 0.42421875 0.159375 0.18125
1 0.9140625 0.16796875 0.159375 0.18125
1 0.14609375 0.128125 0.1734375 0.21015625
0 0.6234375 0.93203125 0.06875 0.09375
2 0.49296875 0.175 0.3265625 0.34609375
0 0.1125 0.03671875 0.0625 0.06875