2 0.453125 0.39296875 0.303125 0.40234375
1 0.11796875 0.72890625 0.1828125 0.21640625
1 0.18671875 0.88671875 0.1734375 0.22265625
1 0.27265625 0.79921875 0.1734375 0.22265625
1 0.334375 0.665625 0.140625 0.22734375
1 0.36875 0.71953125 0.140625 0.22734375
1 0.403125 0.74921875 0.140625 0.22734375
1 0.45625 0.76953125 0.140625 0.22734375
1 0.85625 0.73125 0.165625 0.2125
1 0.9171875 0.87890625 0.165625 0.2125
1 0.8796875 0.12109375 0.165625 0.2125
1 0.9015625 0.20390625 0.19375 0.225
1 0.125 0.37109375 0.19375 0.225
1 0.20625 0.24375 0.19375 0.225
1 0.1265625 0.17265625 0.19375 0.225
1 0.5171875 0.075 0.190625 0.14609375
1 0.4640625 0.94453125 0.134375 0.11015625
1 0.53046875 0.9515625 0.1296875 0.096875