1 0.34609375 0.50625 0.1515625 0.20390625
1 0.63671875 0.54765625 0.1515625 0.20390625
1 0.72421875 0.58125 0.1515625 0.20390625
1 0.65390625 0.81640625 0.1703125 0.23359375
1 0.46015625 0.66875 0.1703125 0.23359375
1 0.3296875 0.86796875 0.1625 0.20234375
1 0.1703125 0.92109375 0.184375 0.14609375
1 0.290625 0.16875 0.196875 0.275
1 0.0765625 0.69375 0.15 0.20390625
1 0.87578125 0.45 0.1515625 0.20390625
1 0.571875 0.9125 0.1375 0.175
1 0.1625 0.56875 0.1625 0.17890625
1 0.09765625 0.36171875 0.1671875 0.19375
1 0.13359375 0.07578125 0.1671875 0.14765625
2 0.48046875 0.29140625 0.2609375 0.275