1 0.42734375 0.275 0.1859375 0.2125
1 0.58984375 0.215625 0.1421875 0.19765625
1 0.61171875 0.42578125 0.1421875 0.19765625
1 0.71953125 0.60078125 0.1421875 0.19765625
1 0.3359375 0.33515625 0.125 0.16640625
1 0.77734375 0.9078125 0.1546875 0.184375
1 0.49140625 0.90390625 0.1796875 0.19140625
1 0.09921875 0.90390625 0.1796875 0.19140625
1 0.86171875 0.209375 0.1796875 0.20625
1 0.68984375 0.084375 0.2078125 0.16484375
1 0.92890625 0.81484375 0.1421875 0.2125
1 0.94609375 0.55625 0.1078125 0.275
1 0.15 0.303125 0.178125 0.25625
1 0.1234375 0.70703125 0.178125 0.25625
2 0.2765625 0.62265625 0.2 0.27890625
0 0.49375 0.44609375 0.06875 0.08359375
0 0.4109375 0.57890625 0.06875 0.08359375
1 0.80234375 0.58046875 0.1015625 0.17734375