2 0.61015625 0.134375 0.2515625 0.26484375
1 0.21953125 0.30703125 0.1609375 0.24375
1 0.49453125 0.359375 0.1609375 0.24375
1 0.3890625 0.51484375 0.14375 0.29609375
1 0.24453125 0.521875 0.1484375 0.23125
1 0.68515625 0.359375 0.1484375 0.23125
1 0.66171875 0.63671875 0.1484375 0.23125
1 0.57265625 0.86875 0.1640625 0.25
1 0.13046875 0.76796875 0.1828125 0.24765625
1 0.86015625 0.10234375 0.1671875 0.2
1 0.9515625 0.40859375 0.096875 0.21640625
1 0.9453125 0.66875 0.109375 0.2875
1 0.8453125 0.78359375 0.146875 0.2125
1 0.715625 0.82421875 0.184375 0.25625
1 0.0953125 0.60234375 0.13125 0.22890625
1 0.83671875 0.53046875 0.1609375 0.24375