1 0.83515625 0.09921875 0.1703125 0.18984375
1 0.6265625 0.534375 0.16875 0.23984375
1 0.8375 0.85703125 0.13125 0.22734375
1 0.9234375 0.28203125 0.13125 0.22734375
1 0.6828125 0.85546875 0.16875 0.23984375
1 0.625 0.10078125 0.165625 0.19765625
1 0.18515625 0.27890625 0.1984375 0.2375
1 0.4859375 0.16328125 0.178125 0.21015625
1 0.103125 0.51796875 0.190625 0.21015625
1 0.71484375 0.46875 0.1703125 0.25
1 0.71328125 0.65703125 0.1515625 0.21484375
2 0.1765625 0.84453125 0.35 0.30625
0 0.83125 0.421875 0.071875 0.08515625