2 0.36796875 0.27734375 0.3390625 0.3875
1 0.57890625 0.3 0.1671875 0.2125
1 0.6640625 0.39609375 0.14375 0.18359375
1 0.8734375 0.53359375 0.171875 0.19140625
1 0.7578125 0.64296875 0.2125 0.25234375
1 0.88203125 0.15546875 0.1578125 0.25625
1 0.73203125 0.09296875 0.1609375 0.18125
1 0.0625 0.38125 0.121875 0.2375
1 0.16015625 0.540625 0.1734375 0.23984375
1 0.5765625 0.68828125 0.171875 0.19375
1 0.66328125 0.834375 0.1859375 0.21015625
1 0.06796875 0.81328125 0.1328125 0.18125
1 0.18125 0.9125 0.209375 0.175
1 0.86640625 0.89765625 0.1265625 0.19140625
1 0.16171875 0.28828125 0.1484375 0.30234375
1 0.4265625 0.646875 0.1875 0.23984375
0 0.55078125 0.590625 0.0546875 0.06484375