1 0.16640625 0.81640625 0.1703125 0.25
1 0.38671875 0.76171875 0.2234375 0.21015625
1 0.1453125 0.2125 0.184375 0.225
1 0.5921875 0.2 0.184375 0.225
1 0.41171875 0.29765625 0.1859375 0.25
1 0.91484375 0.51171875 0.1546875 0.20625
1 0.21015625 0.47109375 0.1609375 0.21640625
1 0.2546875 0.38828125 0.13125 0.17734375
1 0.384375 0.53359375 0.178125 0.1875
1 0.29921875 0.125 0.1390625 0.19140625
1 0.871875 0.253125 0.178125 0.20234375
1 0.06328125 0.41640625 0.1234375 0.24609375
1 0.80546875 0.43359375 0.0953125 0.13359375
2 0.609375 0.653125 0.4 0.51015625