1 0.36328125 0.76171875 0.1984375 0.16484375
1 0.43515625 0.503125 0.1953125 0.22734375
1 0.2125 0.35 0.134375 0.16640625
1 0.234375 0.63203125 0.140625 0.24375
1 0.08828125 0.43828125 0.1609375 0.20234375
1 0.09453125 0.61953125 0.1796875 0.18984375
1 0.55703125 0.56328125 0.1796875 0.18984375
1 0.68125 0.58046875 0.19375 0.20625
1 0.34375 0.93203125 0.1875 0.13515625
0 0.73203125 0.86875 0.0546875 0.07109375
0 0.63515625 0.95234375 0.0796875 0.07109375
0 0.875 0.82890625 0.08125 0.11640625
0 0.7640625 0.93984375 0.08125 0.09609375
0 0.67890625 0.16171875 0.0796875 0.07734375
0 0.13515625 0.1875 0.0484375 0.05859375
2 0.11171875 0.84453125 0.2046875 0.31015625