1 0.45625 0.15625 0.178125 0.21640625
1 0.684375 0.40625 0.15625 0.2
1 0.84375 0.57890625 0.18125 0.25
1 0.6515625 0.66484375 0.18125 0.25
1 0.1421875 0.43203125 0.178125 0.14765625
1 0.51328125 0.84921875 0.1421875 0.17734375
1 0.52578125 0.71171875 0.1421875 0.17734375
1 0.11640625 0.909375 0.1421875 0.17734375
1 0.90078125 0.79453125 0.1421875 0.17734375
2 0.07421875 0.59921875 0.1453125 0.26484375
0 0.0546875 0.2625 0.0625 0.07890625
0 0.5875 0.28828125 0.053125 0.07734375
0 0.5296875 0.26796875 0.053125 0.07734375
0 0.62890625 0.22578125 0.0640625 0.08125