1 0.875 0.825 0.165625 0.24609375
1 0.9390625 0.678125 0.121875 0.19765625
1 0.87578125 0.49609375 0.1796875 0.2375
1 0.2796875 0.53359375 0.15625 0.21640625
1 0.5671875 0.84609375 0.13125 0.22109375
1 0.6328125 0.84765625 0.15625 0.21640625
1 0.20625 0.17578125 0.18125 0.25234375
1 0.8125 0.08125 0.178125 0.15859375
1 0.1953125 0.87109375 0.15625 0.21640625
1 0.2921875 0.80078125 0.14375 0.16875
1 0.6203125 0.625 0.153125 0.20859375
2 0.43984375 0.3375 0.3078125 0.425
0 0.846875 0.29921875 0.05 0.08515625