1 0.584375 0.596875 0.15 0.21484375
1 0.3453125 0.67421875 0.15 0.21484375
1 0.4234375 0.67578125 0.15 0.21484375
1 0.45625 0.85546875 0.1625 0.20625
1 0.2078125 0.803125 0.1625 0.20625
1 0.08125 0.81953125 0.159375 0.20625
1 0.6203125 0.9140625 0.15 0.171875
1 0.678125 0.88984375 0.15 0.17109375
1 0.715625 0.83515625 0.15 0.17109375
1 0.7796875 0.79140625 0.15 0.17109375
1 0.8171875 0.75 0.15 0.17109375
1 0.8484375 0.71875 0.15 0.17109375
1 0.7578125 0.50390625 0.15 0.17109375
1 0.809375 0.52109375 0.15 0.17109375
1 0.865625 0.54765625 0.15 0.17109375
1 0.68671875 0.29609375 0.1546875 0.21640625
1 0.078125 0.33515625 0.153125 0.21640625
1 0.203125 0.25234375 0.15625 0.21640625
1 0.35390625 0.29921875 0.1328125 0.16875
1 0.60234375 0.11171875 0.1328125 0.16875
1 0.93359375 0.37421875 0.1328125 0.16875
2 0.878125 0.171875 0.221875 0.25625
1 0.434375 0.48828125 0.15 0.21484375
1 0.328125 0.19296875 0.15 0.21484375
0 0.29453125 0.05625 0.0484375 0.05859375