2 0.3140625 0.37890625 0.29375 0.35390625
1 0.13046875 0.45625 0.1328125 0.25390625
1 0.72109375 0.77578125 0.1609375 0.23984375
1 0.89921875 0.81171875 0.1609375 0.23984375
1 0.80078125 0.84453125 0.1609375 0.23984375
1 0.4453125 0.9140625 0.18125 0.171875
1 0.2984375 0.9140625 0.18125 0.171875
1 0.2859375 0.84765625 0.18125 0.17109375
1 0.66328125 0.409375 0.1609375 0.19375
1 0.84921875 0.50546875 0.1609375 0.19375
1 0.56640625 0.5375 0.2046875 0.2375
1 0.89609375 0.19765625 0.1296875 0.19609375
1 0.04453125 0.39296875 0.0859375 0.27734375
1 0.25390625 0.09765625 0.2328125 0.19140625
1 0.428125 0.61171875 0.134375 0.17734375
1 0.3390625 0.6875 0.165625 0.19140625
1 0.58046875 0.37421875 0.1609375 0.19375