1 0.25078125 0.71953125 0.1703125 0.26484375
1 0.71875 0.428125 0.18125 0.22265625
1 0.79375 0.25625 0.14375 0.22890625
1 0.59453125 0.3 0.1796875 0.2375
1 0.89140625 0.68984375 0.1453125 0.23359375
1 0.1046875 0.74609375 0.134375 0.21640625
1 0.26015625 0.33828125 0.1609375 0.21484375
1 0.1546875 0.51484375 0.20625 0.19140625
1 0.43984375 0.06796875 0.1734375 0.13125
1 0.6703125 0.840625 0.209375 0.24765625
0 0.38515625 0.44453125 0.0671875 0.08125
0 0.82734375 0.93203125 0.0609375 0.07265625
2 0.43359375 0.70078125 0.2671875 0.33515625