1 0.7875 0.27421875 0.159375 0.21015625
1 0.83984375 0.49765625 0.1921875 0.28359375
1 0.62578125 0.55 0.1703125 0.21640625
1 0.11796875 0.33359375 0.1609375 0.19609375
1 0.353125 0.16875 0.196875 0.20859375
1 0.2015625 0.71328125 0.14375 0.16484375
1 0.56015625 0.24765625 0.1703125 0.22890625
1 0.16640625 0.22734375 0.1453125 0.2
1 0.34296875 0.75703125 0.1421875 0.17734375
1 0.37734375 0.42578125 0.1578125 0.16875
1 0.21953125 0.47578125 0.1546875 0.19765625
1 0.3375 0.5 0.146875 0.15859375
2 0.58828125 0.840625 0.4140625 0.31875