2 0.48046875 0.5875 0.2234375 0.29609375
1 0.325 0.38984375 0.15625 0.19609375
1 0.21484375 0.80078125 0.1859375 0.21015625
1 0.05703125 0.39453125 0.1109375 0.21875
1 0.14453125 0.28984375 0.1859375 0.20859375
1 0.17578125 0.13515625 0.1859375 0.20859375
1 0.5796875 0.09765625 0.109375 0.19140625
1 0.56171875 0.26171875 0.1953125 0.19765625
1 0.45 0.278125 0.2 0.23984375
1 0.42890625 0.8953125 0.1859375 0.209375
1 0.62734375 0.725 0.1421875 0.1875
1 0.68515625 0.54140625 0.1421875 0.1875
1 0.77578125 0.92265625 0.1515625 0.15390625
1 0.76953125 0.10703125 0.1921875 0.21015625
0 0.59921875 0.85078125 0.0671875 0.08125
0 0.39765625 0.74921875 0.0671875 0.08125
1 0.915625 0.71640625 0.1375 0.22890625
1 0.95234375 0.38203125 0.0953125 0.21875
1 0.89296875 0.25625 0.1453125 0.22109375