0 0.70078125 0.44296875 0.0921875 0.09765625
2 0.64609375 0.84453125 0.1921875 0.17265625
1 0.43671875 0.31796875 0.1671875 0.22265625
1 0.71484375 0.16328125 0.1671875 0.22265625
1 0.88203125 0.190625 0.1671875 0.22265625
1 0.79765625 0.540625 0.1671875 0.22265625
1 0.83046875 0.88203125 0.1671875 0.22265625
1 0.53203125 0.60703125 0.1671875 0.22265625
0 0.6078125 0.746875 0.053125 0.06484375
1 0.14609375 0.68828125 0.1671875 0.22265625
1 0.0625 0.68359375 0.121875 0.2125
1 0.20859375 0.45703125 0.1671875 0.22265625
1 0.30703125 0.621875 0.1671875 0.22265625
1 0.30859375 0.87421875 0.1671875 0.22265625
1 0.30546875 0.86953125 0.1671875 0.22265625
1 0.25390625 0.196875 0.1671875 0.22265625
1 0.80234375 0.234375 0.1671875 0.22265625
1 0.9453125 0.63828125 0.109375 0.21015625
1 0.1796875 0.8984375 0.16875 0.203125
1 0.08359375 0.378125 0.1640625 0.22265625
1 0.14765625 0.1 0.1703125 0.19609375
1 0.34296875 0.1 0.1703125 0.19609375
0 0.15234375 0.30078125 0.0546875 0.06875