1 0.82734375 0.86484375 0.2109375 0.19609375
1 0.6921875 0.325 0.209375 0.21640625
1 0.4421875 0.56171875 0.2 0.18984375
1 0.2703125 0.70390625 0.153125 0.21640625
1 0.18984375 0.90859375 0.1640625 0.17890625
1 0.4265625 0.78125 0.16875 0.20859375
1 0.55390625 0.72890625 0.1921875 0.24609375
1 0.65 0.52734375 0.16875 0.20859375
1 0.1296875 0.12109375 0.15 0.2375
1 0.7984375 0.51171875 0.15625 0.21015625
1 0.66875 0.10546875 0.16875 0.20625
1 0.06015625 0.36640625 0.1171875 0.275
2 0.36875 0.26328125 0.371875 0.45234375