1 0.26875 0.34296875 0.178125 0.23515625
1 0.1515625 0.16875 0.15625 0.23359375
1 0.40703125 0.25546875 0.1078125 0.21015625
1 0.40625 0.48359375 0.175 0.22890625
1 0.3765625 0.690625 0.153125 0.20625
1 0.55546875 0.62421875 0.1734375 0.21875
1 0.88828125 0.85703125 0.2015625 0.24375
1 0.11484375 0.5875 0.1578125 0.21640625
1 0.16328125 0.73828125 0.1921875 0.26015625
1 0.5734375 0.39453125 0.165625 0.21015625
1 0.81484375 0.18203125 0.2078125 0.17734375
1 0.571875 0.090625 0.178125 0.17734375
1 0.421875 0.08515625 0.146875 0.16640625
1 0.671875 0.875 0.184375 0.25
0 0.2546875 0.709375 0.05 0.06015625
0 0.34609375 0.86953125 0.0671875 0.08515625
2 0.7796875 0.50078125 0.375 0.53984375