2 0.31796875 0.57265625 0.2703125 0.35390625
0 0.171875 0.421875 0.065625 0.07734375
0 0.134375 0.46171875 0.065625 0.07734375
0 0.55078125 0.03203125 0.0609375 0.06015625
1 0.21953125 0.85 0.1921875 0.2125
1 0.87109375 0.11953125 0.1953125 0.23515625
1 0.64765625 0.82265625 0.1921875 0.28359375
1 0.7921875 0.74140625 0.18125 0.15390625
1 0.5421875 0.31015625 0.175 0.1875
1 0.4171875 0.25234375 0.175 0.1875
1 0.4109375 0.82265625 0.175 0.1875
1 0.4875 0.73046875 0.184375 0.21875
1 0.92578125 0.8828125 0.1453125 0.234375
1 0.85859375 0.57265625 0.2109375 0.21640625
1 0.8765625 0.42265625 0.18125 0.17890625
1 0.6734375 0.39296875 0.18125 0.19375
1 0.26796875 0.35078125 0.1984375 0.19765625
1 0.12421875 0.221875 0.1984375 0.19765625