1 0.2296875 0.68359375 0.159375 0.20390625
1 0.31015625 0.11328125 0.1734375 0.22265625
1 0.46328125 0.08828125 0.1734375 0.17265625
1 0.6703125 0.08125 0.178125 0.15859375
1 0.09765625 0.428125 0.1484375 0.17734375
1 0.64296875 0.725 0.1546875 0.20859375
1 0.49296875 0.77109375 0.1546875 0.20859375
1 0.1109375 0.91015625 0.1375 0.17890625
1 0.37890625 0.46484375 0.2046875 0.2625
1 0.5953125 0.9109375 0.153125 0.178125
1 0.703125 0.9109375 0.153125 0.178125
1 0.7578125 0.55703125 0.153125 0.17734375
1 0.875 0.07421875 0.2125 0.14375
2 0.56171875 0.33984375 0.3609375 0.35
0 0.21796875 0.06796875 0.0546875 0.08125