1 0.709375 0.30859375 0.215625 0.20859375
1 0.68984375 0.44140625 0.1796875 0.2
1 0.25390625 0.35625 0.1921875 0.2125
1 0.284375 0.81953125 0.1625 0.20625
1 0.32421875 0.896875 0.1453125 0.20625
1 0.10703125 0.59609375 0.1703125 0.24140625
1 0.56328125 0.73125 0.1703125 0.24140625
1 0.90859375 0.3375 0.1578125 0.24609375
1 0.84765625 0.60390625 0.1578125 0.2375
1 0.64765625 0.6625 0.1578125 0.2375
1 0.49140625 0.24375 0.1578125 0.2375
1 0.4828125 0.48984375 0.1875 0.25390625
2 0.6640625 0.11171875 0.44375 0.21875
1 0.24296875 0.103125 0.1453125 0.20234375
1 0.28359375 0.23984375 0.1453125 0.20390625
1 0.8359375 0.8890625 0.171875 0.221875