1 0.584375 0.13671875 0.18125 0.18984375
1 0.1484375 0.29921875 0.190625 0.21015625
1 0.14609375 0.51953125 0.1671875 0.19375
1 0.259375 0.51953125 0.18125 0.26484375
1 0.40703125 0.56015625 0.0828125 0.27890625
1 0.45625 0.67109375 0.15625 0.22109375
1 0.15234375 0.83984375 0.1640625 0.225
1 0.60546875 0.35 0.2328125 0.19140625
1 0.87578125 0.409375 0.1640625 0.25234375
1 0.40078125 0.921875 0.1984375 0.15625
1 0.296875 0.78125 0.134375 0.2375
1 0.2765625 0.13671875 0.18125 0.21875
2 0.7234375 0.63828125 0.528125 0.52265625