1 0.15859375 0.72265625 0.1171875 0.28359375
1 0.2734375 0.353125 0.178125 0.20625
1 0.07265625 0.47421875 0.1421875 0.20625
1 0.41328125 0.7375 0.1609375 0.20859375
1 0.4125 0.90703125 0.153125 0.18515625
1 0.78984375 0.6 0.1609375 0.19609375
1 0.56953125 0.46953125 0.1765625 0.19765625
1 0.528125 0.21484375 0.16875 0.23359375
1 0.815625 0.071875 0.1625 0.13984375
1 0.6875 0.190625 0.153125 0.19765625
1 0.67734375 0.40546875 0.1453125 0.24375
1 0.9125 0.66015625 0.13125 0.19140625
1 0.0890625 0.16953125 0.15 0.22265625
1 0.2375 0.1 0.153125 0.19609375
1 0.37734375 0.08515625 0.1359375 0.16640625
0 0.0171875 0.621875 0.03125 0.07265625
0 0.63046875 0.56015625 0.0640625 0.0625
2 0.68671875 0.83203125 0.4046875 0.33515625