1 0.21484375 0.13828125 0.1765625 0.20234375
1 0.14609375 0.63515625 0.1578125 0.19140625
1 0.62109375 0.83515625 0.1578125 0.19140625
1 0.23046875 0.85 0.1578125 0.19140625
1 0.384375 0.4625 0.159375 0.22890625
1 0.703125 0.59765625 0.159375 0.22890625
1 0.9171875 0.68515625 0.159375 0.22890625
1 0.93671875 0.396875 0.1265625 0.22734375
1 0.17109375 0.39296875 0.1359375 0.21875
1 0.4953125 0.49140625 0.159375 0.22890625
1 0.4765625 0.67265625 0.159375 0.22890625
1 0.43203125 0.84921875 0.1609375 0.20625
2 0.6203125 0.27890625 0.35 0.43359375
0 0.78125 0.88671875 0.071875 0.06015625