1 0.46015625 0.56953125 0.1640625 0.21484375
1 0.796875 0.1875 0.14375 0.19609375
1 0.9078125 0.49375 0.15625 0.2125
1 0.11484375 0.29453125 0.1578125 0.22265625
1 0.66796875 0.59921875 0.1578125 0.22265625
1 0.17109375 0.51953125 0.1578125 0.22265625
1 0.5328125 0.090625 0.1625 0.17734375
1 0.31875 0.66015625 0.1625 0.17890625
1 0.58515625 0.903125 0.1703125 0.19375
1 0.4 0.92890625 0.20625 0.14140625
1 0.1828125 0.8796875 0.165625 0.240625
2 0.33671875 0.27890625 0.3390625 0.41640625
2 0.5984375 0.3625 0.240625 0.3
0 0.96953125 0.83515625 0.0515625 0.06640625