1 0.1796875 0.84453125 0.15 0.19375
1 0.6046875 0.903125 0.15 0.19375
1 0.72421875 0.78125 0.1765625 0.19609375
1 0.771875 0.57265625 0.15625 0.19140625
1 0.7359375 0.36328125 0.159375 0.20234375
1 0.61875 0.525 0.1375 0.20859375
1 0.27109375 0.315625 0.1703125 0.19765625
1 0.53828125 0.27265625 0.1796875 0.2375
1 0.16015625 0.140625 0.1734375 0.23125
1 0.38515625 0.11640625 0.1921875 0.22890625
1 0.15234375 0.471875 0.1703125 0.19765625
1 0.0859375 0.553125 0.16875 0.19765625
1 0.41328125 0.45390625 0.1765625 0.21640625
1 0.83828125 0.1625 0.1796875 0.2375
1 0.90859375 0.41796875 0.1640625 0.22265625
1 0.90234375 0.88828125 0.1640625 0.22265625
1 0.93125 0.628125 0.1375 0.21015625
1 0.55625 0.08359375 0.159375 0.1625
2 0.40859375 0.76796875 0.3390625 0.43984375