1 0.10546875 0.51875 0.1609375 0.225
1 0.2171875 0.74140625 0.2 0.23359375
1 0.8921875 0.334375 0.171875 0.21875
1 0.6578125 0.34375 0.15 0.25
1 0.36484375 0.540625 0.1953125 0.22734375
1 0.6734375 0.77109375 0.15 0.25
1 0.51328125 0.78515625 0.1546875 0.27109375
1 0.78046875 0.09609375 0.1640625 0.1875
1 0.38125 0.928125 0.1375 0.14375
1 0.63203125 0.08828125 0.1546875 0.17265625
1 0.10234375 0.06875 0.1796875 0.13359375
1 0.953125 0.58671875 0.09375 0.20625
1 0.065625 0.8984375 0.128125 0.203125