2 0.2765625 0.828125 0.340625 0.34375
1 0.61875 0.84921875 0.15625 0.19375
1 0.15546875 0.49765625 0.1453125 0.25
1 0.76953125 0.91640625 0.1359375 0.16640625
1 0.78828125 0.35859375 0.1359375 0.16640625
1 0.77734375 0.69765625 0.1359375 0.16640625
1 0.72265625 0.69375 0.1421875 0.20859375
1 0.50546875 0.82578125 0.1421875 0.22734375
1 0.92265625 0.23046875 0.1421875 0.20234375
1 0.82890625 0.290625 0.1421875 0.20234375
1 0.6359375 0.44140625 0.096875 0.17109375
1 0.565625 0.46640625 0.103125 0.19609375
1 0.5453125 0.23671875 0.18125 0.22734375
1 0.54921875 0.071875 0.1640625 0.13984375
1 0.62109375 0.17109375 0.1609375 0.23359375
1 0.29296875 0.1 0.1671875 0.19609375
1 0.07734375 0.21015625 0.1515625 0.2625
1 0.3296875 0.44140625 0.14375 0.21640625
1 0.8046875 0.55 0.159375 0.22890625