1 0.14765625 0.44375 0.1359375 0.225
1 0.4234375 0.68359375 0.190625 0.225
1 0.875 0.49375 0.140625 0.2125
1 0.74296875 0.44375 0.1640625 0.21640625
1 0.65546875 0.8921875 0.1890625 0.215625
1 0.49375 0.92578125 0.19375 0.14765625
1 0.29921875 0.92578125 0.1421875 0.14765625
1 0.16953125 0.94140625 0.1234375 0.11640625
1 0.25390625 0.271875 0.1484375 0.17265625
1 0.4125 0.0875 0.171875 0.17109375
1 0.23828125 0.07421875 0.1609375 0.14375
1 0.63515625 0.07421875 0.1609375 0.14375
1 0.8421875 0.84609375 0.128125 0.20390625
1 0.6734375 0.69140625 0.146875 0.19140625
1 0.82421875 0.27578125 0.1609375 0.20234375
2 0.46875 0.36171875 0.28125 0.39375
0 0.0953125 0.64296875 0.109375 0.13125