1 0.5890625 0.46640625 0.1375 0.20859375
1 0.56875 0.140625 0.1625 0.21484375
1 0.33203125 0.19921875 0.1234375 0.18515625
1 0.77421875 0.70234375 0.1328125 0.19140625
1 0.71015625 0.55625 0.1453125 0.2
1 0.79140625 0.34765625 0.1453125 0.2
1 0.53203125 0.884375 0.1671875 0.23125
1 0.05390625 0.53515625 0.1046875 0.22109375
1 0.39375 0.85859375 0.159375 0.2375
1 0.11484375 0.1375 0.1421875 0.225
2 0.29609375 0.46953125 0.2671875 0.31875
0 0.82421875 0.56015625 0.0515625 0.06640625
0 0.290625 0.07265625 0.05 0.08359375
0 0.09296875 0.184375 0.0296875 0.04765625
0 0.61484375 0.32890625 0.0546875 0.06640625