1 0.62265625 0.37578125 0.1734375 0.21015625
1 0.60078125 0.65078125 0.1734375 0.21015625
1 0.65703125 0.84296875 0.1734375 0.21015625
1 0.31015625 0.26171875 0.1734375 0.21015625
1 0.17578125 0.121875 0.1265625 0.16875
1 0.30078125 0.62421875 0.1578125 0.20625
1 0.18359375 0.66796875 0.1578125 0.20625
1 0.28515625 0.82109375 0.1640625 0.19140625
1 0.81484375 0.26484375 0.1640625 0.19140625
1 0.7890625 0.634375 0.190625 0.21015625
1 0.91796875 0.46484375 0.1640625 0.25390625
1 0.62578125 0.11015625 0.1640625 0.19140625
1 0.68828125 0.13359375 0.1640625 0.19140625
1 0.90859375 0.77734375 0.1640625 0.19140625
2 0.115625 0.390625 0.228125 0.44375
0 0.3015625 0.471875 0.059375 0.09765625