1 0.29453125 0.31484375 0.1484375 0.21640625
1 0.20703125 0.10859375 0.1515625 0.20390625
1 0.465625 0.09765625 0.146875 0.19140625
1 0.65625 0.11953125 0.146875 0.19375
1 0.92578125 0.31640625 0.1296875 0.175
1 0.90703125 0.75078125 0.1640625 0.19765625
1 0.38046875 0.684375 0.1640625 0.19765625
1 0.16796875 0.87421875 0.1640625 0.19765625
1 0.61328125 0.36796875 0.1953125 0.20234375
1 0.390625 0.8125 0.15625 0.17890625
1 0.2828125 0.53359375 0.1875 0.26640625
2 0.59296875 0.65859375 0.2953125 0.37890625