1 0.871875 0.253125 0.159375 0.24375
1 0.7453125 0.8984375 0.159375 0.203125
1 0.371875 0.2375 0.1625 0.25
1 0.2625 0.109375 0.1875 0.21484375
1 0.08984375 0.10078125 0.1765625 0.19765625
1 0.5796875 0.11015625 0.178125 0.2
1 0.1765625 0.64609375 0.1625 0.20390625
1 0.2265625 0.909375 0.146875 0.18125
0 0.8578125 0.78671875 0.078125 0.08515625
0 0.35234375 0.684375 0.0515625 0.07734375
2 0.553125 0.40390625 0.35 0.44609375
1 0.53359375 0.8984375 0.1703125 0.203125
1 0.88828125 0.915625 0.1609375 0.14375