1 0.70703125 0.24609375 0.1546875 0.20859375
1 0.29921875 0.525 0.1671875 0.2125
1 0.5140625 0.31796875 0.128125 0.19765625
1 0.58203125 0.453125 0.1640625 0.25234375
1 0.41484375 0.190625 0.1359375 0.21484375
1 0.73828125 0.62265625 0.1984375 0.22890625
1 0.86328125 0.33125 0.1984375 0.25
1 0.15859375 0.40625 0.2078125 0.1625
1 0.10390625 0.85859375 0.1578125 0.19609375
1 0.12265625 0.090625 0.1328125 0.17734375
1 0.29375 0.2125 0.15625 0.2375
1 0.58671875 0.08359375 0.1765625 0.1625
1 0.9421875 0.84453125 0.115625 0.23984375
2 0.43828125 0.78515625 0.3703125 0.42890625