1 0.09609375 0.83984375 0.1796875 0.20390625
1 0.14921875 0.63046875 0.2078125 0.28984375
1 0.15 0.459375 0.178125 0.19375
1 0.26875 0.48515625 0.10625 0.27109375
1 0.09921875 0.08359375 0.1296875 0.1625
1 0.48671875 0.21171875 0.1609375 0.23125
1 0.66640625 0.11953125 0.1359375 0.17734375
1 0.34921875 0.30703125 0.1703125 0.18125
1 0.39609375 0.56484375 0.1859375 0.18359375
1 0.33984375 0.78125 0.1796875 0.2375
1 0.45078125 0.78515625 0.1796875 0.2375
1 0.64609375 0.759375 0.1796875 0.26484375
1 0.20703125 0.225 0.1203125 0.275
1 0.08515625 0.278125 0.1609375 0.18984375
1 0.28125 0.12109375 0.153125 0.22890625
1 0.92578125 0.490625 0.1484375 0.28515625
1 0.8078125 0.9375 0.1875 0.125
0 0.75 0.77109375 0.0625 0.09609375
2 0.65859375 0.47578125 0.3578125 0.41875