1 0.11875 0.31171875 0.159375 0.24765625
1 0.0890625 0.103125 0.159375 0.20234375
1 0.26640625 0.08125 0.1921875 0.15859375
1 0.51796875 0.12890625 0.1796875 0.23359375
1 0.65859375 0.48125 0.1796875 0.24140625
1 0.21015625 0.66015625 0.1515625 0.2125
1 0.07578125 0.76875 0.1484375 0.22890625
1 0.3515625 0.80390625 0.15 0.22890625
1 0.51796875 0.74140625 0.1515625 0.20859375
1 0.7 0.721875 0.175 0.21015625
1 0.8703125 0.87578125 0.175 0.21015625
1 0.6828125 0.234375 0.153125 0.21015625
1 0.43515625 0.928125 0.1421875 0.13984375
1 0.228125 0.92734375 0.175 0.1375
2 0.36328125 0.375 0.3703125 0.475
0 0.790625 0.48828125 0.10625 0.13984375
0 0.7703125 0.13203125 0.071875 0.08515625