1 0.3828125 0.25234375 0.14375 0.21640625
1 0.07265625 0.35234375 0.1421875 0.21640625
1 0.2296875 0.128125 0.209375 0.25234375
1 0.38046875 0.47734375 0.1515625 0.24140625
1 0.39765625 0.91953125 0.1546875 0.15625
1 0.25546875 0.79296875 0.1953125 0.23515625
1 0.80703125 0.38671875 0.1546875 0.21015625
1 0.90703125 0.53828125 0.1859375 0.25234375
1 0.66328125 0.525 0.1578125 0.2125
1 0.57421875 0.89375 0.1921875 0.2125
1 0.63203125 0.21015625 0.1765625 0.225
0 0.8296875 0.20625 0.059375 0.08359375
2 0.83046875 0.8203125 0.3359375 0.359375