2 0.32265625 0.46953125 0.3046875 0.44375
1 0.63828125 0.5 0.1390625 0.1625
1 0.71953125 0.42890625 0.1390625 0.1625
1 0.78671875 0.3125 0.1390625 0.1625
1 0.79140625 0.39765625 0.1390625 0.20390625
1 0.84453125 0.41953125 0.1109375 0.16015625
1 0.82734375 0.590625 0.1671875 0.20234375
1 0.10234375 0.734375 0.1609375 0.23515625
1 0.41640625 0.125 0.1453125 0.21640625
1 0.60703125 0.20859375 0.1453125 0.21640625
1 0.58671875 0.26484375 0.1828125 0.22109375
1 0.4765625 0.26015625 0.146875 0.19140625
1 0.7046875 0.71328125 0.146875 0.21484375
1 0.384375 0.809375 0.146875 0.21484375
1 0.23125 0.884375 0.196875 0.21875
1 0.246875 0.12265625 0.16875 0.24140625
0 0.16171875 0.36328125 0.0578125 0.08984375
1 0.48125 0.9359375 0.14375 0.128125
1 0.07421875 0.26796875 0.1453125 0.21484375