1 0.7265625 0.49296875 0.1875 0.18984375
1 0.534375 0.65546875 0.1875 0.18984375
1 0.275 0.85703125 0.1875 0.18984375
1 0.1359375 0.68046875 0.1875 0.18984375
1 0.1671875 0.29296875 0.1875 0.18984375
1 0.325 0.16484375 0.15 0.17890625
1 0.7265625 0.19765625 0.175 0.19140625
1 0.44375 0.7625 0.175 0.225
1 0.2578125 0.48359375 0.175 0.225
1 0.53515625 0.22421875 0.1546875 0.21875
1 0.1515625 0.08671875 0.15 0.16875
1 0.88359375 0.9328125 0.1671875 0.134375
2 0.41953125 0.490625 0.1859375 0.26015625