2 0.30390625 0.58984375 0.2703125 0.37109375
0 0.18515625 0.71796875 0.0609375 0.06484375
0 0.26328125 0.03203125 0.0609375 0.06015625
0 0.64609375 0.446875 0.0609375 0.06484375
1 0.11484375 0.43515625 0.1765625 0.19140625
1 0.0890625 0.50625 0.175 0.19140625
1 0.53203125 0.39140625 0.1609375 0.19140625
1 0.61171875 0.26484375 0.1609375 0.19140625
1 0.52109375 0.15390625 0.1828125 0.21640625
1 0.796875 0.23125 0.215625 0.21640625
1 0.8203125 0.42265625 0.16875 0.25
1 0.934375 0.8734375 0.128125 0.253125
1 0.7375 0.8890625 0.20625 0.221875
1 0.51640625 0.9046875 0.1828125 0.190625
1 0.671875 0.62265625 0.1625 0.20859375
1 0.08984375 0.165625 0.1328125 0.28125