2 0.28359375 0.684375 0.2828125 0.30625
0 0.75 0.21015625 0.05625 0.075
0 0.71171875 0.084375 0.0828125 0.10234375
0 0.2859375 0.93515625 0.05625 0.075
1 0.89609375 0.665625 0.1859375 0.21875
1 0.41953125 0.42421875 0.1859375 0.21875
1 0.47890625 0.35703125 0.1859375 0.21875
1 0.57734375 0.390625 0.1859375 0.21875
1 0.64921875 0.38046875 0.1859375 0.21875
1 0.71640625 0.428125 0.1859375 0.21875
1 0.77578125 0.44453125 0.1859375 0.21875
1 0.88359375 0.39453125 0.1859375 0.21875
1 0.26953125 0.11015625 0.1859375 0.21640625
1 0.43203125 0.11015625 0.1859375 0.21640625
1 0.54921875 0.165625 0.1859375 0.21875
1 0.07890625 0.51484375 0.1546875 0.27109375
1 0.653125 0.9140625 0.1875 0.171875