2 0.3953125 0.25390625 0.3375 0.49140625
1 0.61015625 0.38203125 0.1171875 0.20234375
1 0.6265625 0.14609375 0.146875 0.24140625
1 0.765625 0.24765625 0.15625 0.17109375
1 0.91796875 0.19921875 0.1578125 0.20234375
1 0.76015625 0.07890625 0.1609375 0.15390625
1 0.72890625 0.85234375 0.1734375 0.20859375
1 0.5 0.92578125 0.16875 0.14765625
1 0.10546875 0.9125 0.2078125 0.175
1 0.08046875 0.678125 0.1578125 0.22265625
1 0.17734375 0.240625 0.1609375 0.22265625
1 0.46796875 0.53046875 0.1609375 0.22265625
1 0.23046875 0.71953125 0.1765625 0.18984375
1 0.940625 0.39609375 0.11875 0.20859375
0 0.490625 0.815625 0.071875 0.07734375
1 0.66953125 0.525 0.1734375 0.20859375