1 0.09765625 0.35546875 0.1703125 0.21484375
1 0.51640625 0.10859375 0.1703125 0.2125
1 0.72578125 0.2 0.1765625 0.23359375
1 0.9296875 0.56640625 0.140625 0.225
1 0.76640625 0.58984375 0.1546875 0.20390625
1 0.4921875 0.44453125 0.16875 0.21875
1 0.49609375 0.62265625 0.1671875 0.25390625
1 0.409375 0.75703125 0.184375 0.18984375
1 0.53984375 0.890625 0.1859375 0.21875
1 0.28203125 0.47265625 0.2171875 0.2875
1 0.8203125 0.38125 0.2125 0.24609375
1 0.41796875 0.26796875 0.1703125 0.21484375
2 0.77578125 0.8546875 0.3359375 0.290625