1 0.28515625 0.67421875 0.1890625 0.22265625
1 0.09765625 0.378125 0.1890625 0.22265625
1 0.46953125 0.19296875 0.1890625 0.22265625
1 0.6375 0.26875 0.16875 0.20859375
1 0.7671875 0.19375 0.16875 0.20859375
1 0.83984375 0.37265625 0.1671875 0.2125
1 0.26484375 0.09765625 0.1609375 0.19140625
1 0.4515625 0.4375 0.1875 0.1875
1 0.92578125 0.184375 0.1484375 0.19765625
1 0.57578125 0.50625 0.1734375 0.19609375
1 0.4078125 0.575 0.171875 0.22109375
1 0.35703125 0.80859375 0.1484375 0.20859375
1 0.7921875 0.54375 0.209375 0.14140625
2 0.69140625 0.75078125 0.2453125 0.29765625
0 0.45234375 0.89609375 0.0578125 0.07109375
0 0.87265625 0.75703125 0.0484375 0.06015625