1 0.85078125 0.3375 0.1796875 0.23359375
1 0.84765625 0.56875 0.1796875 0.23359375
1 0.084375 0.790625 0.165625 0.23515625
1 0.778125 0.76875 0.159375 0.19609375
1 0.4375 0.21484375 0.159375 0.19609375
1 0.0609375 0.06875 0.11875 0.13359375
1 0.584375 0.64921875 0.159375 0.16015625
1 0.3015625 0.63046875 0.159375 0.16015625
1 0.425 0.38828125 0.159375 0.16015625
1 0.6109375 0.08125 0.159375 0.15859375
1 0.36953125 0.825 0.1609375 0.18359375
1 0.19921875 0.30625 0.1609375 0.18359375
1 0.70703125 0.33359375 0.1671875 0.22109375
1 0.65625 0.86875 0.184375 0.21640625
1 0.41328125 0.66015625 0.1171875 0.15
2 0.0953125 0.53671875 0.1875 0.24375
0 0.8515625 0.64921875 0.040625 0.05625