1 0.6265625 0.49453125 0.171875 0.17265625
1 0.465625 0.640625 0.171875 0.17265625
1 0.4546875 0.4625 0.1625 0.2
1 0.44375 0.09296875 0.1625 0.18125
1 0.24609375 0.11171875 0.1671875 0.21875
1 0.5578125 0.23125 0.18125 0.2125
1 0.86875 0.16171875 0.178125 0.20625
1 0.0921875 0.69765625 0.1625 0.2
1 0.409375 0.86484375 0.1625 0.2
1 0.8515625 0.30390625 0.1625 0.2
1 0.746875 0.07109375 0.10625 0.1375
1 0.08515625 0.921875 0.1265625 0.15625
1 0.3 0.66640625 0.134375 0.17109375
1 0.271875 0.87578125 0.115625 0.16015625
2 0.5875 0.84140625 0.234375 0.24140625
0 0.59296875 0.671875 0.0671875 0.09375
0 0.42265625 0.228125 0.0671875 0.09375