2 0.1125 0.54609375 0.221875 0.29609375
1 0.27578125 0.64453125 0.1671875 0.25234375
1 0.2953125 0.34609375 0.125 0.22109375
1 0.371875 0.35390625 0.125 0.22109375
1 0.35859375 0.21015625 0.1078125 0.17890625
1 0.5265625 0.67421875 0.14375 0.22265625
1 0.58828125 0.91875 0.1640625 0.1625
1 0.64296875 0.91875 0.1640625 0.1625
1 0.66171875 0.603125 0.1515625 0.21015625
1 0.78984375 0.503125 0.1515625 0.21015625
1 0.5578125 0.46953125 0.18125 0.21484375
1 0.7921875 0.903125 0.153125 0.19375
1 0.059375 0.778125 0.115625 0.21484375
1 0.053125 0.26484375 0.103125 0.26640625
1 0.56640625 0.08515625 0.2046875 0.16640625
1 0.85703125 0.60078125 0.1515625 0.21015625
1 0.83359375 0.690625 0.1515625 0.21015625
1 0.81484375 0.809375 0.1515625 0.21015625
1 0.946875 0.84453125 0.10625 0.20625
1 0.91015625 0.16171875 0.1796875 0.29375
1 0.78359375 0.20234375 0.1765625 0.25859375
0 0.575 0.2375 0.065625 0.09609375
0 0.665625 0.22734375 0.065625 0.09609375
0 0.503125 0.09609375 0.065625 0.09609375
1 0.5328125 0.36640625 0.171875 0.22109375