1 0.1265625 0.69609375 0.165625 0.2
1 0.20546875 0.51796875 0.1546875 0.19765625
1 0.17109375 0.08984375 0.1546875 0.175
1 0.3640625 0.11484375 0.165625 0.21640625
1 0.6125 0.08984375 0.196875 0.175
1 0.55390625 0.31171875 0.1578125 0.21875
1 0.71640625 0.37578125 0.1578125 0.21875
1 0.8203125 0.640625 0.178125 0.17265625
1 0.3359375 0.8890625 0.178125 0.221875
1 0.88125 0.275 0.178125 0.22109375
1 0.821875 0.17109375 0.178125 0.22109375
1 0.9109375 0.48046875 0.178125 0.17265625
1 0.38203125 0.53515625 0.1578125 0.22109375
1 0.2953125 0.35 0.175 0.24609375
2 0.53203125 0.76875 0.3609375 0.45859375