2 0.2171875 0.58359375 0.3625 0.59609375
1 0.79375 0.778125 0.209375 0.20625
1 0.65625 0.490625 0.15 0.18125
1 0.5515625 0.534375 0.15 0.18125
1 0.4296875 0.75703125 0.153125 0.31484375
1 0.56328125 0.7625 0.1484375 0.2
1 0.51484375 0.9 0.1484375 0.2
1 0.79140625 0.315625 0.1890625 0.22734375
1 0.78203125 0.10078125 0.1890625 0.19765625
1 0.42578125 0.31796875 0.1828125 0.18984375
1 0.57265625 0.30859375 0.2140625 0.2625
1 0.109375 0.284375 0.196875 0.25234375
1 0.090625 0.09921875 0.178125 0.19375
1 0.53125 0.06875 0.16875 0.13359375
1 0.34609375 0.14609375 0.2109375 0.2375
0 0.73828125 0.9 0.0640625 0.07109375
1 0.8234375 0.41328125 0.15 0.18125
1 0.2859375 0.909375 0.15 0.18125