2 0.31953125 0.375 0.2359375 0.29609375
1 0.21484375 0.58515625 0.1703125 0.2125
1 0.54453125 0.621875 0.1421875 0.25234375
1 0.4859375 0.63515625 0.109375 0.25
1 0.4359375 0.68515625 0.109375 0.25
1 0.396875 0.72265625 0.109375 0.25
1 0.3515625 0.73125 0.109375 0.25
1 0.77578125 0.5625 0.1703125 0.2125
1 0.69609375 0.5375 0.1703125 0.2125
1 0.81640625 0.7375 0.1703125 0.2125
1 0.94921875 0.796875 0.1015625 0.21484375
1 0.94375 0.28515625 0.1125 0.2
1 0.915625 0.17734375 0.16875 0.20390625
1 0.63671875 0.26953125 0.1796875 0.23125
1 0.55546875 0.09609375 0.1828125 0.1875
1 0.63359375 0.884375 0.1796875 0.23125
1 0.36171875 0.9046875 0.1703125 0.190625
1 0.18046875 0.159375 0.1484375 0.22734375
1 0.38203125 0.09375 0.1453125 0.18359375