1 0.05546875 0.81875 0.1078125 0.2
1 0.140625 0.67421875 0.165625 0.21875
1 0.278125 0.56171875 0.165625 0.21875
1 0.3046875 0.87421875 0.165625 0.21875
1 0.41640625 0.715625 0.1515625 0.19765625
1 0.515625 0.88125 0.146875 0.22890625
1 0.7734375 0.63359375 0.178125 0.225
1 0.7296875 0.39140625 0.175 0.22890625
1 0.19140625 0.21640625 0.1640625 0.22890625
1 0.75390625 0.14140625 0.1640625 0.22890625
1 0.5875 0.65 0.178125 0.225
1 0.7359375 0.9015625 0.159375 0.196875
1 0.93671875 0.80078125 0.1265625 0.22734375
2 0.42734375 0.30625 0.3609375 0.46640625
0 0.87265625 0.39375 0.1234375 0.14609375
0 0.84375 0.03984375 0.071875 0.075