1 0.75703125 0.32890625 0.1703125 0.19609375
1 0.59296875 0.346875 0.1578125 0.18984375
1 0.69296875 0.85703125 0.1578125 0.18984375
1 0.15234375 0.15546875 0.1890625 0.26015625
1 0.52421875 0.11640625 0.2296875 0.22890625
1 0.35390625 0.521875 0.1734375 0.19375
1 0.41328125 0.73671875 0.1234375 0.17265625
1 0.57265625 0.81171875 0.1546875 0.16484375
1 0.88515625 0.790625 0.1859375 0.23515625
1 0.45546875 0.31640625 0.1703125 0.22109375
1 0.73515625 0.153125 0.1578125 0.23125
2 0.534375 0.615625 0.2125 0.24765625