1 0.6109375 0.63203125 0.215625 0.22265625
1 0.09375 0.6 0.184375 0.225
1 0.13125 0.33984375 0.18125 0.2375
1 0.0921875 0.09765625 0.171875 0.19140625
1 0.3265625 0.31328125 0.171875 0.19375
1 0.28828125 0.521875 0.1640625 0.19375
1 0.4875 0.41953125 0.1375 0.26875
1 0.5140625 0.88984375 0.1625 0.20859375
1 0.21953125 0.82421875 0.1953125 0.22734375
1 0.91953125 0.53828125 0.1609375 0.23515625
1 0.91953125 0.31640625 0.1609375 0.23359375
1 0.74140625 0.76484375 0.1609375 0.23359375
1 0.42109375 0.66875 0.1609375 0.23359375
1 0.878125 0.06328125 0.19375 0.12265625
2 0.39921875 0.13203125 0.3546875 0.26015625