1 0.50390625 0.109375 0.1703125 0.19765625
1 0.83203125 0.30546875 0.1703125 0.19765625
1 0.26640625 0.90078125 0.1703125 0.19765625
1 0.584375 0.35625 0.203125 0.22890625
1 0.68046875 0.21875 0.1671875 0.18359375
1 0.64140625 0.09296875 0.1765625 0.18125
1 0.36015625 0.25703125 0.1703125 0.19765625
1 0.33671875 0.38125 0.1609375 0.23359375
1 0.765625 0.734375 0.184375 0.23984375
1 0.73359375 0.9265625 0.1703125 0.146875
1 0.56796875 0.91953125 0.1984375 0.16015625
1 0.94375 0.45546875 0.1125 0.21015625
1 0.13359375 0.80625 0.1421875 0.19609375
1 0.17734375 0.45390625 0.1609375 0.27890625
0 0.434375 0.8625 0.053125 0.08359375
2 0.54296875 0.63359375 0.3265625 0.4