1 0.296875 0.83828125 0.165625 0.21015625
1 0.41875 0.56796875 0.159375 0.24375
1 0.51640625 0.321875 0.1578125 0.20625
1 0.70546875 0.26875 0.1703125 0.19609375
1 0.84921875 0.12109375 0.1859375 0.23359375
1 0.9203125 0.815625 0.159375 0.21484375
1 0.17734375 0.640625 0.2046875 0.26484375
1 0.09140625 0.49375 0.1796875 0.24609375
1 0.7109375 0.8125 0.178125 0.22890625
1 0.553125 0.15859375 0.178125 0.22890625
1 0.071875 0.77578125 0.140625 0.22734375
2 0.80078125 0.55390625 0.3140625 0.37109375
0 0.17109375 0.82265625 0.0734375 0.08359375