2 0.59765625 0.096875 0.2203125 0.18984375
0 0.1140625 0.53984375 0.08125 0.09140625
1 0.63515625 0.41875 0.2078125 0.24140625
1 0.47109375 0.37734375 0.1765625 0.21640625
1 0.46484375 0.16875 0.1765625 0.21640625
1 0.30390625 0.72109375 0.1765625 0.21640625
1 0.18359375 0.76015625 0.1765625 0.21640625
1 0.32734375 0.90703125 0.1640625 0.18515625
1 0.41640625 0.934375 0.1515625 0.13125
1 0.0859375 0.934375 0.16875 0.13125
1 0.8828125 0.28203125 0.1375 0.18984375
1 0.8171875 0.321875 0.1375 0.18984375
1 0.7921875 0.453125 0.1375 0.18984375
1 0.8484375 0.48828125 0.1375 0.18984375
1 0.8796875 0.53046875 0.1375 0.18984375
1 0.915625 0.6 0.16875 0.20390625
1 0.865625 0.9140625 0.215625 0.171875
1 0.24921875 0.14765625 0.1671875 0.20390625
1 0.0671875 0.28359375 0.13125 0.22109375
1 0.09296875 0.09609375 0.1640625 0.1875
1 0.4234375 0.69453125 0.178125 0.20625
1 0.58828125 0.70703125 0.1203125 0.18125
1 0.58203125 0.81796875 0.1203125 0.18125
1 0.5046875 0.903125 0.16875 0.19375