1 0.18203125 0.41953125 0.1515625 0.19765625
1 0.05234375 0.421875 0.1015625 0.23984375
1 0.42265625 0.44765625 0.1984375 0.22890625
1 0.76171875 0.81640625 0.1640625 0.1875
1 0.9171875 0.85390625 0.1625 0.225
1 0.778125 0.57265625 0.1625 0.225
1 0.89765625 0.31328125 0.2046875 0.23515625
1 0.79375 0.11875 0.1625 0.225
1 0.634375 0.4125 0.1625 0.225
1 0.3484375 0.80390625 0.16875 0.2875
1 0.1796875 0.7375 0.159375 0.21640625
1 0.1953125 0.525 0.159375 0.21640625
1 0.2796875 0.13203125 0.11875 0.18984375
1 0.56640625 0.19609375 0.1453125 0.19609375
1 0.64140625 0.059375 0.1703125 0.11484375
1 0.12734375 0.23359375 0.1453125 0.19609375
1 0.19296875 0.86875 0.1796875 0.19140625
2 0.55390625 0.86640625 0.3359375 0.26640625