2 0.53515625 0.625 0.2546875 0.3375
1 0.4703125 0.13984375 0.228125 0.225
1 0.5921875 0.36796875 0.18125 0.24765625
1 0.8375 0.296875 0.18125 0.24765625
1 0.7703125 0.43046875 0.18125 0.24765625
1 0.7375 0.58203125 0.18125 0.24765625
1 0.82734375 0.62734375 0.1546875 0.2125
1 0.82421875 0.73984375 0.1546875 0.2125
1 0.78828125 0.84140625 0.1546875 0.2125
1 0.90703125 0.75234375 0.1546875 0.2125
1 0.06328125 0.14609375 0.1234375 0.24140625
1 0.2140625 0.11484375 0.190625 0.225
1 0.77265625 0.11953125 0.2109375 0.23515625
0 0.653125 0.06484375 0.06875 0.12109375
0 0.3609375 0.90859375 0.065625 0.07109375
1 0.3828125 0.34453125 0.153125 0.22734375
1 0.115625 0.428125 0.153125 0.22734375
1 0.13671875 0.9265625 0.1390625 0.146875
1 0.26328125 0.9265625 0.1390625 0.146875
1 0.07734375 0.86796875 0.1515625 0.18125