1 0.75625 0.14921875 0.146875 0.17734375
1 0.51796875 0.221875 0.1640625 0.20234375
1 0.2890625 0.28671875 0.1625 0.17265625
1 0.09765625 0.26953125 0.1234375 0.26015625
1 0.85234375 0.43984375 0.1796875 0.26640625
1 0.53671875 0.43046875 0.1640625 0.20234375
1 0.425 0.43828125 0.14375 0.20234375
1 0.50546875 0.76796875 0.1640625 0.20234375
1 0.58828125 0.64140625 0.1796875 0.20859375
1 0.69140625 0.54765625 0.1796875 0.20859375
1 0.87265625 0.73125 0.1796875 0.20859375
1 0.25859375 0.45703125 0.1515625 0.18984375
1 0.18984375 0.478125 0.1515625 0.18984375
1 0.25546875 0.66796875 0.1828125 0.19765625
1 0.38359375 0.865625 0.1828125 0.19765625
1 0.3609375 0.10078125 0.225 0.19765625
1 0.725 0.74296875 0.146875 0.17734375
1 0.7046875 0.84921875 0.146875 0.17734375
2 0.18828125 0.9 0.3078125 0.2