1 0.29921875 0.63125 0.1796875 0.23359375
1 0.64609375 0.24609375 0.1796875 0.23359375
1 0.72109375 0.71484375 0.1796875 0.23359375
1 0.56328125 0.49296875 0.1140625 0.24375
1 0.3203125 0.39296875 0.19375 0.23984375
1 0.51484375 0.87109375 0.1671875 0.225
1 0.325 0.8375 0.2 0.20390625
1 0.86796875 0.55625 0.1796875 0.23359375
1 0.8328125 0.8921875 0.15625 0.215625
1 0.5984375 0.07734375 0.18125 0.15
1 0.49140625 0.48984375 0.1796875 0.22890625
1 0.1984375 0.828125 0.190625 0.20234375
2 0.37578125 0.16640625 0.3390625 0.32890625