1 0.34609375 0.44921875 0.1203125 0.29765625
1 0.2953125 0.18828125 0.1875 0.21015625
1 0.20859375 0.41328125 0.1484375 0.18984375
1 0.171875 0.58828125 0.16875 0.20625
1 0.409375 0.76875 0.178125 0.23359375
1 0.4828125 0.54140625 0.165625 0.20390625
1 0.61640625 0.41171875 0.1859375 0.20234375
1 0.10546875 0.81484375 0.1796875 0.25859375
1 0.08671875 0.27734375 0.1703125 0.225
1 0.59375 0.2 0.14375 0.23359375
1 0.684375 0.190625 0.19375 0.25234375
1 0.86015625 0.64375 0.1640625 0.21640625
1 0.8734375 0.76640625 0.15 0.19140625
1 0.81640625 0.34453125 0.1515625 0.18515625
2 0.63515625 0.76953125 0.3484375 0.42734375
0 0.47734375 0.21640625 0.0484375 0.0625
0 0.76796875 0.95546875 0.0390625 0.07734375