1 0.20546875 0.725 0.1390625 0.2
1 0.55859375 0.48203125 0.1828125 0.21484375
1 0.93203125 0.57421875 0.1359375 0.19375
1 0.8765625 0.403125 0.1625 0.21484375
1 0.8625 0.10625 0.165625 0.20859375
1 0.790625 0.234375 0.165625 0.21015625
1 0.9171875 0.22578125 0.165625 0.21015625
1 0.72890625 0.60546875 0.1828125 0.21484375
1 0.58359375 0.88515625 0.1390625 0.19609375
1 0.83984375 0.9140625 0.1453125 0.171875
1 0.70703125 0.9140625 0.1453125 0.171875
1 0.08203125 0.9140625 0.1453125 0.171875
1 0.30234375 0.15859375 0.1296875 0.22109375
2 0.10625 0.17109375 0.19375 0.3
0 0.55390625 0.11484375 0.0734375 0.08359375