2 0.53515625 0.16796875 0.2734375 0.33125
1 0.421875 0.46796875 0.14375 0.19765625
1 0.59296875 0.709375 0.1609375 0.21015625
1 0.39765625 0.746875 0.1609375 0.21015625
1 0.084375 0.71328125 0.165625 0.25625
1 0.30703125 0.37421875 0.1671875 0.25625
1 0.05546875 0.328125 0.1078125 0.24765625
1 0.06484375 0.47578125 0.1265625 0.18125
1 0.203125 0.596875 0.128125 0.18125
1 0.29296875 0.92578125 0.1828125 0.14765625
1 0.33984375 0.565625 0.1609375 0.21015625
1 0.26484375 0.071875 0.1578125 0.13984375
1 0.3625 0.06328125 0.125 0.12265625
1 0.6859375 0.45078125 0.1625 0.20625
1 0.7390625 0.48125 0.1 0.15
1 0.93125 0.48515625 0.134375 0.21640625
1 0.9015625 0.58359375 0.134375 0.21640625
1 0.93125 0.8765625 0.134375 0.246875
1 0.93203125 0.109375 0.1359375 0.21484375
1 0.81640625 0.25859375 0.1890625 0.275
1 0.6921875 0.26640625 0.18125 0.22109375
1 0.5109375 0.81015625 0.190625 0.25390625