1 0.5765625 0.76875 0.171875 0.22109375
1 0.76328125 0.72421875 0.1984375 0.23125
1 0.7390625 0.91640625 0.20625 0.16640625
1 0.55234375 0.47578125 0.2015625 0.22734375
1 0.31796875 0.23828125 0.2015625 0.22734375
1 0.490625 0.20625 0.153125 0.20859375
1 0.61171875 0.27890625 0.1578125 0.19140625
1 0.92421875 0.109375 0.1515625 0.21484375
1 0.92421875 0.35390625 0.1515625 0.21640625
1 0.79453125 0.49609375 0.1734375 0.24609375
1 0.34765625 0.9015625 0.1734375 0.196875
1 0.23125 0.759375 0.175 0.23125
1 0.221875 0.53671875 0.175 0.23125
2 0.38984375 0.63984375 0.1859375 0.2625
0 0.02109375 0.10234375 0.0390625 0.0875