1 0.0703125 0.66484375 0.1375 0.24609375
1 0.1984375 0.34765625 0.171875 0.25859375
1 0.60078125 0.55546875 0.1390625 0.21484375
1 0.4109375 0.60078125 0.178125 0.17265625
1 0.54375 0.753125 0.190625 0.21015625
1 0.35625 0.83046875 0.190625 0.21015625
1 0.6234375 0.11328125 0.15 0.20234375
1 0.73125 0.26796875 0.2 0.17734375
1 0.790625 0.8890625 0.175 0.221875
1 0.77890625 0.646875 0.1984375 0.21484375
1 0.12890625 0.8921875 0.1859375 0.215625
1 0.325 0.121875 0.15 0.20234375
1 0.8703125 0.40703125 0.15 0.20234375
1 0.81640625 0.08125 0.1515625 0.15859375
2 0.45390625 0.321875 0.3234375 0.46015625