1 0.12265625 0.77734375 0.1828125 0.24609375
1 0.53359375 0.253125 0.1484375 0.21484375
1 0.35859375 0.13515625 0.1921875 0.19609375
1 0.67421875 0.21015625 0.1671875 0.2
1 0.64140625 0.89765625 0.1671875 0.2
1 0.68984375 0.54609375 0.1671875 0.2
1 0.68203125 0.44609375 0.1671875 0.2
1 0.87265625 0.271875 0.1703125 0.26875
1 0.2421875 0.16875 0.146875 0.22109375
1 0.35625 0.825 0.146875 0.22109375
1 0.76953125 0.75390625 0.1796875 0.21640625
0 0.56953125 0.684375 0.0578125 0.06484375
0 0.503125 0.80625 0.05625 0.07890625
0 0.1421875 0.23203125 0.065625 0.08515625
2 0.2703125 0.50625 0.35625 0.48359375