1 0.1328125 0.45 0.171875 0.2
1 0.09453125 0.175 0.1515625 0.20390625
1 0.1265625 0.8375 0.175 0.20859375
1 0.2578125 0.76640625 0.175 0.20859375
1 0.33671875 0.62578125 0.1796875 0.25234375
1 0.46328125 0.81953125 0.1515625 0.19765625
1 0.62734375 0.70234375 0.1609375 0.1875
1 0.609375 0.23515625 0.190625 0.22890625
1 0.3671875 0.10625 0.203125 0.20859375
1 0.34765625 0.32578125 0.1703125 0.19375
1 0.3875 0.39765625 0.140625 0.1625
1 0.7234375 0.08046875 0.234375 0.15625
1 0.90703125 0.54375 0.1765625 0.16640625
1 0.79921875 0.340625 0.1296875 0.17265625
1 0.87265625 0.30703125 0.1484375 0.22265625
2 0.86875 0.79609375 0.2625 0.38359375
0 0.69921875 0.55546875 0.1078125 0.15234375
0 0.14140625 0.28125 0.0703125 0.09140625
0 0.215625 0.09296875 0.08125 0.08125