1 0.68203125 0.34375 0.1921875 0.20859375
1 0.5296875 0.68359375 0.1875 0.26640625
1 0.78671875 0.51640625 0.1765625 0.24609375
1 0.29453125 0.815625 0.2109375 0.21015625
1 0.059375 0.359375 0.115625 0.29765625
1 0.60625 0.13359375 0.203125 0.24140625
1 0.77265625 0.125 0.1328125 0.24609375
1 0.9234375 0.66875 0.153125 0.25859375
1 0.9296875 0.371875 0.140625 0.22734375
1 0.93203125 0.08984375 0.1359375 0.175
1 0.57109375 0.8921875 0.1859375 0.215625
0 0.8140625 0.35703125 0.046875 0.06484375
0 0.64296875 0.50078125 0.0828125 0.09765625
2 0.428125 0.375 0.30625 0.36640625