1 0.7890625 0.43203125 0.15 0.18125
1 0.84921875 0.6375 0.1328125 0.1875
1 0.9453125 0.73828125 0.109375 0.21484375
1 0.82109375 0.83125 0.1671875 0.19140625
1 0.140625 0.74296875 0.14375 0.19375
1 0.12734375 0.909375 0.1765625 0.17734375
1 0.28515625 0.69609375 0.1921875 0.25
1 0.32890625 0.40546875 0.1515625 0.22734375
1 0.09140625 0.09140625 0.1234375 0.17890625
1 0.31796875 0.19140625 0.1578125 0.1875
1 0.4296875 0.93203125 0.134375 0.13515625
1 0.22421875 0.20390625 0.1515625 0.25
1 0.9484375 0.52890625 0.103125 0.19140625
1 0.4265625 0.55546875 0.15 0.18125
2 0.52578125 0.32109375 0.3796875 0.475