2 0.31015625 0.43359375 0.2234375 0.27109375
2 0.565625 0.87890625 0.234375 0.24140625
1 0.3203125 0.8984375 0.1625 0.203125
1 0.1546875 0.846875 0.1625 0.20234375
1 0.2109375 0.76953125 0.1625 0.20234375
1 0.6 0.41953125 0.1625 0.20234375
1 0.71015625 0.58046875 0.1859375 0.21015625
1 0.89921875 0.9125 0.1734375 0.175
1 0.934375 0.753125 0.13125 0.17734375
1 0.9 0.62109375 0.16875 0.18359375
1 0.884375 0.4875 0.16875 0.18359375
1 0.9171875 0.24921875 0.165625 0.25625
1 0.8171875 0.075 0.21875 0.14609375
0 0.42109375 0.840625 0.0890625 0.09375
0 0.2015625 0.55859375 0.059375 0.0875
0 0.565625 0.26875 0.059375 0.0875
0 0.66875 0.22734375 0.059375 0.0875
1 0.5515625 0.540625 0.1625 0.20234375
1 0.4734375 0.65078125 0.1625 0.20234375
1 0.13125 0.103125 0.178125 0.20234375
1 0.071875 0.234375 0.140625 0.19765625
1 0.16015625 0.228125 0.1421875 0.19765625
1 0.07421875 0.64140625 0.1453125 0.25859375
1 0.703125 0.48125 0.134375 0.15859375