1 0.81953125 0.17734375 0.1734375 0.1875
1 0.67421875 0.21796875 0.1765625 0.20625
1 0.55546875 0.56796875 0.1765625 0.20625
1 0.82421875 0.590625 0.1578125 0.18515625
1 0.92890625 0.43515625 0.1421875 0.24609375
1 0.721875 0.46484375 0.178125 0.24140625
1 0.15546875 0.83203125 0.1765625 0.20625
1 0.21640625 0.10078125 0.1671875 0.19765625
1 0.48515625 0.84453125 0.1921875 0.22265625
1 0.753125 0.84140625 0.19375 0.26640625
2 0.29453125 0.36015625 0.3609375 0.45859375
0 0.55234375 0.315625 0.0546875 0.06484375