2 0.35 0.63671875 0.2125 0.23984375
0 0.25859375 0.47109375 0.0796875 0.1
1 0.84765625 0.28828125 0.1765625 0.23984375
1 0.7265625 0.646875 0.13125 0.18984375
1 0.93359375 0.81796875 0.1296875 0.18984375
1 0.67421875 0.77578125 0.1984375 0.23984375
1 0.50703125 0.81171875 0.1984375 0.23984375
1 0.66328125 0.45234375 0.1734375 0.19140625
1 0.67421875 0.21640625 0.1671875 0.25
1 0.3578125 0.328125 0.153125 0.22265625
1 0.1671875 0.40703125 0.153125 0.22265625
1 0.06875 0.40703125 0.134375 0.29765625
1 0.5125 0.603125 0.153125 0.22265625
1 0.5171875 0.37578125 0.153125 0.22265625
1 0.48671875 0.12109375 0.2046875 0.2375
1 0.31796875 0.08203125 0.1578125 0.16015625
1 0.81796875 0.11328125 0.2203125 0.22265625
1 0.05390625 0.61640625 0.1046875 0.22890625
1 0.140625 0.11328125 0.153125 0.22265625