1 0.66640625 0.13359375 0.1640625 0.2
1 0.83046875 0.14609375 0.1640625 0.2
1 0.67734375 0.4 0.1640625 0.2
1 0.42265625 0.803125 0.1765625 0.21875
1 0.31015625 0.6 0.1859375 0.25390625
1 0.28828125 0.225 0.1484375 0.20859375
1 0.77890625 0.8375 0.1859375 0.25390625
1 0.684375 0.92890625 0.159375 0.1375
1 0.88984375 0.54140625 0.1859375 0.16640625
1 0.11171875 0.18828125 0.1828125 0.26484375
1 0.4265625 0.08671875 0.140625 0.16875
1 0.3234375 0.765625 0.184375 0.18984375
1 0.609375 0.78671875 0.16875 0.23515625
2 0.446875 0.39609375 0.31875 0.4375