2 0.34609375 0.28671875 0.1984375 0.25234375
1 0.45 0.68046875 0.171875 0.21875
1 0.5359375 0.246875 0.171875 0.21875
1 0.6265625 0.62109375 0.140625 0.19609375
1 0.78125 0.7125 0.140625 0.19609375
1 0.725 0.74765625 0.140625 0.19609375
1 0.61640625 0.87421875 0.1953125 0.22734375
1 0.3875 0.55234375 0.153125 0.18359375
1 0.23515625 0.79140625 0.2015625 0.2375
1 0.1640625 0.096875 0.171875 0.18984375
1 0.34921875 0.11640625 0.1546875 0.16640625
1 0.72109375 0.09375 0.1734375 0.18359375
1 0.89453125 0.37578125 0.1734375 0.18515625
1 0.90078125 0.503125 0.1734375 0.18515625
1 0.9265625 0.61796875 0.146875 0.20234375
1 0.7984375 0.31171875 0.146875 0.20234375
1 0.715625 0.23671875 0.146875 0.20234375
1 0.73125 0.38046875 0.146875 0.20234375
1 0.73125 0.43359375 0.1625 0.20859375
1 0.6921875 0.4375 0.1625 0.20859375
1 0.628125 0.48359375 0.1625 0.20859375
1 0.1734375 0.60390625 0.190625 0.21640625
1 0.8078125 0.925 0.196875 0.15
1 0.0703125 0.88125 0.1375 0.2375
0 0.1890625 0.26640625 0.059375 0.09609375