1 0.23125 0.08359375 0.20625 0.1625
1 0.5625 0.38359375 0.1375 0.225
1 0.51015625 0.609375 0.1421875 0.19375
1 0.68828125 0.10390625 0.1421875 0.19140625
1 0.7140625 0.8375 0.15 0.19140625
1 0.93671875 0.43046875 0.1265625 0.19375
1 0.88203125 0.15078125 0.1265625 0.19375
1 0.8359375 0.90859375 0.140625 0.17109375
1 0.140625 0.73203125 0.1375 0.23515625
1 0.22265625 0.31328125 0.1484375 0.21484375
1 0.36015625 0.26796875 0.1421875 0.17734375
1 0.24140625 0.515625 0.1765625 0.21484375
1 0.35859375 0.653125 0.1328125 0.19375
1 0.39921875 0.7625 0.1421875 0.1875
1 0.28828125 0.825 0.1671875 0.20859375
2 0.72109375 0.53671875 0.2734375 0.31875
0 0.41953125 0.88828125 0.0609375 0.08515625